,Descriptor,Group,R2,RMSE,MSE,RPD,MAE,Explained Var
0,"('_tripeptide_composition', '_geary_autocorrelation', '_composition')","Composition,Autocorrelation,CTD",0.8053529304021849,2.609549950354702,6.809750943396227,2.2666061619082436,2.2105660377358496,0.8100654094910922
1,"('_tripeptide_composition', '_ctd', '_quasi_seq_order')","Composition,CTD,Quasi-Sequence-Order",0.7879615027258666,2.8133120211419644,7.9147245283018846,2.1716640455345964,2.2992452830188683,0.7980601283382354
2,"('_tripeptide_composition', '_seq_order_coupling_number', '_pseudo_aa_composition')","Composition,Quasi-Sequence-Order,Pseudo Composition",0.7795371254249195,2.7433996262728404,7.52624150943396,2.12976785128079,2.2056603773584897,0.7795644929550823
3,"('_moran_autocorrelation', '_geary_autocorrelation', '_amp_pseudo_aa_composition')","Autocorrelation,Autocorrelation,Pseudo Composition",0.777458474011697,2.89754743396471,8.395781132075475,2.1197979564209453,2.3211320754716986,0.7908132250558152
4,"('_ctd', '_composition', '_conjoint_triad')","CTD,CTD,Conjoint Triad",0.771067403465226,2.7865309467115438,7.764754716981133,2.0899995037050707,2.0301886792452835,0.7988840793404752
5,"('_dipeptide_composition', '_composition', '_seq_order_coupling_number')","Composition,CTD,Quasi-Sequence-Order",0.771038787527996,2.8371644095456388,8.049501886792452,2.0898688938895864,2.3301886792452837,0.771270152156439
6,"('_aa_composition', '_composition', '_pseudo_aa_composition')","Composition,CTD,Pseudo Composition",0.7688034088500646,3.0567006506893217,9.343418867924523,2.0797411590952026,2.5528301886792457,0.7691574896552162
7,"('_dipeptide_composition', '_transition', '_amp_pseudo_aa_composition')","Composition,CTD,Pseudo Composition",0.7611300033922173,2.882301229462057,8.307660377358486,2.046063925437475,2.3316981132075463,0.8044570661396345
8,"('_tripeptide_composition', '_transition', '_seq_order_coupling_number')","Composition,CTD,Quasi-Sequence-Order",0.7593209224697544,2.919936675457063,8.526030188679247,2.038359730389492,2.314339622641509,0.7707881656766677
9,"('_normalized_moreaubroto_autocorrelation', '_moran_autocorrelation', '_quasi_seq_order')","Autocorrelation,Autocorrelation,Quasi-Sequence-Order",0.7542791410080043,3.032509391172131,9.196113207547167,2.01733947850331,2.384528301886792,0.767598813396452
10,"('_ctd', '_transition', '_pseudo_aa_composition')","CTD,CTD,Pseudo Composition",0.7534679253651411,2.737832774638873,7.49572830188679,2.0140177083228954,2.1532075471698118,0.7557628262125449
11,"('_tripeptide_composition', '_normalized_moreaubroto_autocorrelation', '_amp_pseudo_aa_composition')","Composition,Autocorrelation,Pseudo Composition",0.7519837255317987,2.7686206633192807,7.665260377358493,2.007982438566241,2.2939622641509443,0.7528003562487632
12,"('_geary_autocorrelation', '_seq_order_coupling_number', '_amp_pseudo_aa_composition')","Autocorrelation,Quasi-Sequence-Order,Pseudo Composition",0.7488565826501274,3.0542763093055143,9.328603773584913,1.995441959881361,2.4596226415094344,0.7491278369790465
13,"('_dipeptide_composition', '_tripeptide_composition', '_composition')","Composition,Composition,CTD",0.7482984570832586,2.6308144947259926,6.92118490566038,1.9932283754234361,2.146037735849058,0.7682535740215782
14,"('_tripeptide_composition', '_moran_autocorrelation', '_quasi_seq_order')","Composition,Autocorrelation,Quasi-Sequence-Order",0.7471734889486416,3.023507896467281,9.141600000000002,1.9887889313585052,2.3969811320754726,0.7471757574086781
15,"('_aa_composition', '_transition', '_conjoint_triad')","Composition,CTD,Conjoint Triad",0.7460177664289633,3.304795829048764,10.921675471698105,1.9842588725966899,2.653584905660376,0.7573758297951537
16,"('_aa_composition', '_moran_autocorrelation', '_seq_order_coupling_number')","Composition,Autocorrelation,Quasi-Sequence-Order",0.7447342196524172,2.9700848091569547,8.821403773584903,1.9792638850855786,2.3433962264150945,0.7447348130224954
17,"('_dipeptide_composition', '_composition', '_transition')","Composition,CTD,CTD",0.7444276312804697,2.6493388281635664,7.018996226415099,1.978076351801367,2.0932075471698117,0.766196259295698
18,"('_normalized_moreaubroto_autocorrelation', '_composition', '_conjoint_triad')","Autocorrelation,CTD,Conjoint Triad",0.7437991002080165,2.605260281061274,6.78738113207547,1.9756484799305183,2.041509433962264,0.7487527937089813
19,"('_dipeptide_composition', '_tripeptide_composition', '_moran_autocorrelation')","Composition,Composition,Autocorrelation",0.7436685100394442,3.124121612398692,9.760135849056603,1.9751451607001504,2.487547169811321,0.7475594514834683
20,"('_normalized_moreaubroto_autocorrelation', '_conjoint_triad', '_quasi_seq_order')","Autocorrelation,Conjoint Triad,Quasi-Sequence-Order",0.7412230918590079,2.8515378174817,8.131267924528299,1.9657905373429452,2.278113207547169,0.7530724694887554
21,"('_tripeptide_composition', '_geary_autocorrelation', '_quasi_seq_order')","Composition,Autocorrelation,Quasi-Sequence-Order",0.7404499818680768,2.6738778284561606,7.149622641509432,1.9628606479068365,2.1724528301886794,0.7616480483821233
22,"('_tripeptide_composition', '_geary_autocorrelation', '_seq_order_coupling_number')","Composition,Autocorrelation,Quasi-Sequence-Order",0.7394762726022519,3.028737827905988,9.173252830188682,1.9591891113496631,2.2709433962264147,0.758066372936727
23,"('_tripeptide_composition', '_composition', '_conjoint_triad')","Composition,CTD,Conjoint Triad",0.7392295025086402,3.173440487594164,10.070724528301886,1.9582618904459643,2.573962264150943,0.7395907415376027
24,"('_dipeptide_composition', '_geary_autocorrelation', '_pseudo_aa_composition')","Composition,Autocorrelation,Pseudo Composition",0.7387994989760782,2.808909007305284,7.889969811320756,1.9566493239027631,2.1173584905660388,0.7604895967294848
25,"('_dipeptide_composition', '_ctd', '_distribution')","Composition,CTD,CTD",0.737341150454268,3.0552583808223006,9.334603773584906,1.951209856520253,2.4033962264150945,0.7549945877309481
26,"('_dipeptide_composition', '_seq_order_coupling_number', '_quasi_seq_order')","Composition,Quasi-Sequence-Order,Quasi-Sequence-Order",0.7372728140322498,3.0416393295919812,9.251569811320758,1.950956081161369,2.4049056603773584,0.7392827215285851
27,"('_ctd', '_transition', '_conjoint_triad')","CTD,CTD,Conjoint Triad",0.7370396000347751,3.372078469956944,11.370913207547167,1.9500907584897669,2.67622641509434,0.7387467365503725
28,"('_tripeptide_composition', '_moran_autocorrelation', '_geary_autocorrelation')","Composition,Autocorrelation,Autocorrelation",0.7361167980974948,2.915635145536352,8.500928301886784,1.9466780298049093,2.303773584905659,0.7589947132980889
29,"('_moran_autocorrelation', '_ctd', '_amp_pseudo_aa_composition')","Autocorrelation,CTD,Pseudo Composition",0.7318393448585356,2.8525076687013486,8.136800000000003,1.9310898048840892,2.2822641509433965,0.7622120785841249
30,"('_normalized_moreaubroto_autocorrelation', '_moran_autocorrelation', '_transition')","Autocorrelation,Autocorrelation,CTD",0.7310226204201995,3.5201232825752435,12.391267924528307,1.9281557899671602,2.6101886792452835,0.7312236169798432
31,"('_dipeptide_composition', '_pseudo_aa_composition', '_amp_pseudo_aa_composition')","Composition,Pseudo Composition,Pseudo Composition",0.7303922511214024,3.04764554963769,9.288143396226419,1.9259003623866964,2.507547169811322,0.7892339659702095
32,"('_aa_composition', '_conjoint_triad', '_pseudo_aa_composition')","Composition,Conjoint Triad,Pseudo Composition",0.7300571964169693,3.092542460165185,9.563818867924534,1.9247047714605965,2.4090566037735854,0.7538297483667137
33,"('_tripeptide_composition', '_normalized_moreaubroto_autocorrelation', '_transition')","Composition,Autocorrelation,CTD",0.729206465853531,3.066442841161923,9.403071698113207,1.9216790470273946,2.439622641509433,0.7425080761655976
34,"('_aa_composition', '_dipeptide_composition', '_pseudo_aa_composition')","Composition,Composition,Pseudo Composition",0.7291481530784021,3.2116521346438294,10.314709433962266,1.9214721729162532,2.6403773584905657,0.7757688208912698
35,"('_moran_autocorrelation', '_transition', '_pseudo_aa_composition')","Autocorrelation,CTD,Pseudo Composition",0.7283586492845109,3.3816909915402005,11.435833962264145,1.9186778386998873,2.830188679245283,0.7668644757050249
36,"('_dipeptide_composition', '_normalized_moreaubroto_autocorrelation', '_conjoint_triad')","Composition,Autocorrelation,Conjoint Triad",0.7280161404963159,3.1218003997451635,9.745637735849062,1.9174693643359852,2.2630188679245284,0.738151775269798
37,"('_aa_composition', '_dipeptide_composition', '_conjoint_triad')","Composition,Composition,Conjoint Triad",0.7273861796907363,3.3471113989500165,11.203154716981137,1.915252622025776,2.636226415094341,0.7294513239194648
38,"('_composition', '_transition', '_seq_order_coupling_number')","CTD,CTD,Quasi-Sequence-Order",0.7235880294650622,3.3580418822609803,11.276445283018868,1.9020484550590129,2.5754716981132075,0.7240530569382466
39,"('_moran_autocorrelation', '_ctd', '_seq_order_coupling_number')","Autocorrelation,CTD,Quasi-Sequence-Order",0.7235532280052723,2.9493932858669383,8.698920754716974,1.9019287283106265,2.4290566037735837,0.7364017807343551
40,"('_tripeptide_composition', '_moran_autocorrelation', '_distribution')","Composition,Autocorrelation,CTD",0.7217906994652407,3.2276915052139334,10.417992452830187,1.8958945486223344,2.3713207547169817,0.7311879529411766
41,"('_tripeptide_composition', '_normalized_moreaubroto_autocorrelation', '_quasi_seq_order')","Composition,Autocorrelation,Quasi-Sequence-Order",0.7217810561984213,3.1669174346256406,10.029366037735848,1.8958616918096947,2.4124528301886783,0.7667765499830438
42,"('_aa_composition', '_geary_autocorrelation', '_pseudo_aa_composition')","Composition,Autocorrelation,Pseudo Composition",0.7204318994747537,3.4820011596022913,12.1243320754717,1.8912815771137075,2.479245283018869,0.7360937585935554
43,"('_distribution', '_conjoint_triad', '_amp_pseudo_aa_composition')","CTD,Conjoint Triad,Pseudo Composition",0.7199528424390028,2.8230052232622653,7.969358490566033,1.889663243335558,2.165283018867925,0.7362378934821587
44,"('_composition', '_conjoint_triad', '_amp_pseudo_aa_composition')","CTD,Conjoint Triad,Pseudo Composition",0.7188610490932609,3.20931427460876,10.299698113207551,1.885990453310729,2.443018867924529,0.7205747733152565
45,"('_geary_autocorrelation', '_ctd', '_conjoint_triad')","Autocorrelation,CTD,Conjoint Triad",0.7187028861903473,2.8352072234670964,8.038400000000001,1.8854601676235052,2.273207547169812,0.7371110589541465
46,"('_aa_composition', '_ctd', '_seq_order_coupling_number')","Composition,CTD,Quasi-Sequence-Order",0.7185965405740956,2.991129022658281,8.946852830188684,1.8851038653747085,2.2211320754717,0.7210227205798869
47,"('_dipeptide_composition', '_quasi_seq_order', '_pseudo_aa_composition')","Composition,Quasi-Sequence-Order,Pseudo Composition",0.7172164093369731,2.9106415035631152,8.471833962264151,1.880498094411623,2.139622641509434,0.7287245246930509
48,"('_transition', '_conjoint_triad', '_quasi_seq_order')","CTD,Conjoint Triad,Quasi-Sequence-Order",0.7160778581714826,3.310035056532134,10.956332075471689,1.8767238307388685,2.576603773584905,0.7409081755877235
49,"('_dipeptide_composition', '_ctd', '_conjoint_triad')","Composition,CTD,Conjoint Triad",0.7151535408047857,3.0335806105582095,9.202611320754718,1.8736764030584931,2.2867924528301895,0.7164104112434095
50,"('_dipeptide_composition', '_transition', '_quasi_seq_order')","Composition,CTD,Quasi-Sequence-Order",0.7141162040601838,2.65073859411667,7.02641509433962,1.8702739721668802,2.143396226415094,0.728837316285637
51,"('_aa_composition', '_dipeptide_composition', '_quasi_seq_order')","Composition,Composition,Quasi-Sequence-Order",0.7122356285605052,3.245870526021965,10.535675471698108,1.8641527199683465,2.5279245283018867,0.7214238324694324
52,"('_ctd', '_composition', '_quasi_seq_order')","CTD,CTD,Quasi-Sequence-Order",0.7118246466493356,2.855072942927021,8.151441509433962,1.8628229629485522,2.270188679245283,0.7118311709756084
53,"('_tripeptide_composition', '_composition', '_quasi_seq_order')","Composition,CTD,Quasi-Sequence-Order",0.7118117477649443,2.80051747239819,7.842898113207547,1.8627812738673204,2.1041509433962258,0.7657277915043288
54,"('_geary_autocorrelation', '_composition', '_transition')","Autocorrelation,CTD,CTD",0.7117192223619402,3.1750715338843967,10.081079245283016,1.8624823146004927,2.389811320754716,0.714228543366084
55,"('_geary_autocorrelation', '_composition', '_quasi_seq_order')","Autocorrelation,CTD,Quasi-Sequence-Order",0.710155408880629,3.19050714605948,10.179335849056608,1.8574511457136744,2.5237735849056606,0.7226580864740527
56,"('_moran_autocorrelation', '_ctd', '_transition')","Autocorrelation,CTD,CTD",0.7099084687097088,3.4096168102079796,11.625486792452836,1.8566604005383172,2.627547169811322,0.7167639294335484
57,"('_aa_composition', '_normalized_moreaubroto_autocorrelation', '_moran_autocorrelation')","Composition,Autocorrelation,Autocorrelation",0.7095555305017723,3.067513282098231,9.40963773584906,1.8555319824501626,2.463773584905661,0.7123756238996388
58,"('_distribution', '_conjoint_triad', '_pseudo_aa_composition')","CTD,Conjoint Triad,Pseudo Composition",0.7082729706494094,3.408250810152571,11.616173584905658,1.851448623614219,2.5837735849056602,0.7128961714630666
59,"('_moran_autocorrelation', '_conjoint_triad', '_seq_order_coupling_number')","Autocorrelation,Conjoint Triad,Quasi-Sequence-Order",0.7081291480627228,3.330338528885785,11.091154716981135,1.8509924065243633,2.5886792452830187,0.7575073719396006
60,"('_geary_autocorrelation', '_ctd', '_pseudo_aa_composition')","Autocorrelation,CTD,Pseudo Composition",0.7067986938517952,3.1796309267254075,10.110052830188675,1.8467880243490697,2.3879245283018866,0.7104167260314083
61,"('_tripeptide_composition', '_normalized_moreaubroto_autocorrelation', '_moran_autocorrelation')","Composition,Autocorrelation,Autocorrelation",0.7056940287360141,3.2887297542100384,10.81574339622642,1.8433188452495812,2.4075471698113216,0.7341930746597379
62,"('_aa_composition', '_geary_autocorrelation', '_quasi_seq_order')","Composition,Autocorrelation,Quasi-Sequence-Order",0.7056694432646381,2.901280133853733,8.417426415094333,1.8432418573051055,2.2177358490566026,0.7408212283520712
63,"('_ctd', '_composition', '_distribution')","CTD,CTD,CTD",0.7027264790729848,3.197853053369306,10.226264150943393,1.8340952516661462,2.4988679245283016,0.7050178391582254
64,"('_aa_composition', '_quasi_seq_order', '_amp_pseudo_aa_composition')","Composition,Quasi-Sequence-Order,Pseudo Composition",0.7015556240377185,3.2618110492109618,10.639411320754716,1.8304939607718094,2.6052830188679255,0.7445292242970365
65,"('_aa_composition', '_transition', '_quasi_seq_order')","Composition,CTD,Quasi-Sequence-Order",0.7006066963010289,2.9947513835135973,8.968535849056606,1.8275907812137844,2.4192452830188684,0.7343176562138276
66,"('_aa_composition', '_dipeptide_composition', '_moran_autocorrelation')","Composition,Composition,Autocorrelation",0.6996453370214468,3.1974588967219604,10.223743396226416,1.8246636092181252,2.428679245283019,0.7073830124222823
67,"('_geary_autocorrelation', '_conjoint_triad', '_seq_order_coupling_number')","Autocorrelation,Conjoint Triad,Quasi-Sequence-Order",0.6989513554405576,3.0251948323347553,9.15180377358491,1.8225592756416782,2.396981132075472,0.7110632008047506
68,"('_aa_composition', '_ctd', '_pseudo_aa_composition')","Composition,CTD,Pseudo Composition",0.6959730219475162,3.325223215659704,11.057109433962264,1.813610153919007,2.5445283018867917,0.7021006639775538
69,"('_dipeptide_composition', '_conjoint_triad', '_quasi_seq_order')","Composition,Conjoint Triad,Quasi-Sequence-Order",0.6948804887466324,3.3770714118529854,11.404611320754716,1.810360269646202,2.7671698113207537,0.707708811577407
70,"('_distribution', '_seq_order_coupling_number', '_pseudo_aa_composition')","CTD,Quasi-Sequence-Order,Pseudo Composition",0.6947808985355166,3.31047052461423,10.959215094339616,1.8100648935211987,2.4618867924528307,0.7037041478832271
71,"('_dipeptide_composition', '_ctd', '_quasi_seq_order')","Composition,CTD,Quasi-Sequence-Order",0.6927353055507007,2.845805917618894,8.098611320754715,1.804029642389065,2.26566037735849,0.7377343209097489
72,"('_moran_autocorrelation', '_ctd', '_quasi_seq_order')","Autocorrelation,CTD,Quasi-Sequence-Order",0.692628858955632,3.3863700162257016,11.467501886792459,1.8037172359592955,2.624150943396227,0.7182720764342587
73,"('_tripeptide_composition', '_distribution', '_quasi_seq_order')","Composition,CTD,Quasi-Sequence-Order",0.6924923111717083,3.4423017748933575,11.849441509433959,1.8033167241218975,2.444905660377359,0.6988050456821259
74,"('_dipeptide_composition', '_composition', '_amp_pseudo_aa_composition')","Composition,CTD,Pseudo Composition",0.6924274092349436,3.4176257895995357,11.68016603773585,1.8031264520912498,2.9320754716981137,0.7090902129936574
75,"('_dipeptide_composition', '_normalized_moreaubroto_autocorrelation', '_transition')","Composition,Autocorrelation,CTD",0.6906382980569465,3.1866229833062847,10.154566037735846,1.7979049405471657,2.4837735849056597,0.6935411176083466
76,"('_dipeptide_composition', '_conjoint_triad', '_amp_pseudo_aa_composition')","Composition,Conjoint Triad,Pseudo Composition",0.6900589156153043,3.4160199725455644,11.669192452830199,1.7962237148708353,2.5916981132075483,0.7273500757011
77,"('_tripeptide_composition', '_moran_autocorrelation', '_pseudo_aa_composition')","Composition,Autocorrelation,Pseudo Composition",0.6890651514151876,3.2768415533921895,10.737690566037738,1.793351004764624,2.4339622641509444,0.6994374051593323
78,"('_tripeptide_composition', '_ctd', '_transition')","Composition,CTD,CTD",0.6883222718394598,3.486515263016252,12.155788679245287,1.7912125160200143,2.737358490566038,0.7013645809353577
79,"('_tripeptide_composition', '_geary_autocorrelation', '_transition')","Composition,Autocorrelation,CTD",0.6881079370636093,2.9629854908298023,8.779283018867924,1.7905969423015424,2.4056603773584904,0.699965731214139
80,"('_aa_composition', '_tripeptide_composition', '_distribution')","Composition,Composition,CTD",0.6877424200498083,2.9903959477848914,8.942467924528298,1.789548632616014,2.4969811320754713,0.6976701092903104
81,"('_tripeptide_composition', '_moran_autocorrelation', '_amp_pseudo_aa_composition')","Composition,Autocorrelation,Pseudo Composition",0.6856392865442288,3.115877779955857,9.708694339622639,1.7835523748543516,2.5320754716981124,0.7397583667462184
82,"('_normalized_moreaubroto_autocorrelation', '_geary_autocorrelation', '_distribution')","Autocorrelation,Autocorrelation,CTD",0.6842334860129011,3.0996372277084663,9.607750943396226,1.7795777359103322,2.502264150943396,0.6892857226429867
83,"('_aa_composition', '_distribution', '_pseudo_aa_composition')","Composition,CTD,Pseudo Composition",0.684103349014509,3.444302925340544,11.86322264150943,1.7792111401257156,2.7037735849056608,0.7010010281588108
84,"('_tripeptide_composition', '_transition', '_distribution')","Composition,CTD,CTD",0.6838083602060459,3.5235680886668987,12.415532075471702,1.7783809950831528,2.723018867924528,0.6954022275701701
85,"('_aa_composition', '_tripeptide_composition', '_pseudo_aa_composition')","Composition,Composition,Pseudo Composition",0.6837718164328019,3.541298131029099,12.540792452830189,1.778278236010971,2.56943396226415,0.6928838518001452
86,"('_aa_composition', '_conjoint_triad', '_amp_pseudo_aa_composition')","Composition,Conjoint Triad,Pseudo Composition",0.6825409944635223,3.591779923501428,12.900883018867924,1.7748276022245362,2.7143396226415084,0.7082944495059219
87,"('_tripeptide_composition', '_moran_autocorrelation', '_conjoint_triad')","Composition,Autocorrelation,Conjoint Triad",0.6804306827840512,3.279231387164687,10.753358490566038,1.768957759480421,2.4588679245283025,0.7234403248190835
88,"('_dipeptide_composition', '_distribution', '_quasi_seq_order')","Composition,CTD,Quasi-Sequence-Order",0.6797447781861807,3.6051556373908906,12.997147169811319,1.767062417049707,2.803773584905661,0.6982739702907887
89,"('_aa_composition', '_dipeptide_composition', '_amp_pseudo_aa_composition')","Composition,Composition,Pseudo Composition",0.6794028172265711,3.206682880226797,10.282815094339627,1.7661197581438026,2.60188679245283,0.7827623560280899
90,"('_dipeptide_composition', '_tripeptide_composition', '_pseudo_aa_composition')","Composition,Composition,Pseudo Composition",0.6771190304151804,2.8755823036222856,8.268973584905652,1.759862655658868,2.226792452830187,0.6781233616195632
91,"('_normalized_moreaubroto_autocorrelation', '_composition', '_seq_order_coupling_number')","Autocorrelation,CTD,Quasi-Sequence-Order",0.6763013845069472,3.2402888294275884,10.499471698113211,1.7576385894213684,2.6150943396226425,0.6809770242484625
92,"('_dipeptide_composition', '_moran_autocorrelation', '_composition')","Composition,Autocorrelation,CTD",0.6750082484662748,3.532806890887455,12.480724528301884,1.754138298679296,2.6973584905660375,0.6830208853613364
93,"('_moran_autocorrelation', '_transition', '_quasi_seq_order')","Autocorrelation,CTD,Quasi-Sequence-Order",0.67485231184153,2.6727189180859146,7.143426415094342,1.7537176172176836,2.064905660377359,0.689164959034656
94,"('_tripeptide_composition', '_ctd', '_seq_order_coupling_number')","Composition,CTD,Quasi-Sequence-Order",0.6746857779326931,2.771603990335791,7.68178867924528,1.7532686807489781,2.2086792452830184,0.6752765740350997
95,"('_aa_composition', '_tripeptide_composition', '_geary_autocorrelation')","Composition,Composition,Autocorrelation",0.6737993782399543,3.278576543401632,10.749064150943392,1.7508849421730655,2.5211320754716975,0.7033499418342355
96,"('_normalized_moreaubroto_autocorrelation', '_geary_autocorrelation', '_quasi_seq_order')","Autocorrelation,Autocorrelation,Quasi-Sequence-Order",0.6720528896692115,3.293048137779927,10.844166037735846,1.7462165329273132,2.5592452830188677,0.6773016174464941
97,"('_geary_autocorrelation', '_transition', '_amp_pseudo_aa_composition')","Autocorrelation,CTD,Pseudo Composition",0.6708811539655344,3.46139354639412,11.981245283018861,1.743105303234188,2.770188679245283,0.6714312285507585
98,"('_tripeptide_composition', '_normalized_moreaubroto_autocorrelation', '_geary_autocorrelation')","Composition,Autocorrelation,Autocorrelation",0.6699961521538205,3.6435065009742345,13.27513962264151,1.7407664107965877,2.899622641509434,0.7684580968843067
99,"('_tripeptide_composition', '_ctd', '_amp_pseudo_aa_composition')","Composition,CTD,Pseudo Composition",0.6696103920471844,3.645443783321654,13.289260377358493,1.7397498619261702,2.8471698113207555,0.6819505993641712
100,"('_dipeptide_composition', '_normalized_moreaubroto_autocorrelation', '_distribution')","Composition,Autocorrelation,CTD",0.668991845863778,3.798491259573543,14.428535849056601,1.7381235895501028,2.894716981132076,0.6727952070581521
101,"('_composition', '_transition', '_amp_pseudo_aa_composition')","CTD,CTD,Pseudo Composition",0.6680935704768534,3.594788680907038,12.922505660377363,1.7357699571371754,2.882264150943396,0.6935844629031367
102,"('_aa_composition', '_composition', '_quasi_seq_order')","Composition,CTD,Quasi-Sequence-Order",0.6680426477563891,3.2889947996998767,10.817486792452833,1.735636817265785,2.408679245283019,0.7211761037798778
103,"('_moran_autocorrelation', '_geary_autocorrelation', '_transition')","Autocorrelation,Autocorrelation,CTD",0.6668369263954432,3.610835893398729,13.038135849056596,1.732493324848643,2.7324528301886795,0.6690450558235479
104,"('_transition', '_distribution', '_quasi_seq_order')","CTD,CTD,Quasi-Sequence-Order",0.6665708121576064,3.7384337351961756,13.975886792452828,1.7318018239468065,2.688679245283019,0.6707641573101082
105,"('_dipeptide_composition', '_moran_autocorrelation', '_conjoint_triad')","Composition,Autocorrelation,Conjoint Triad",0.666491823081402,3.404425532677602,11.590113207547173,1.7315967292350258,2.5449056603773585,0.7540278725342323
106,"('_ctd', '_conjoint_triad', '_amp_pseudo_aa_composition')","CTD,Conjoint Triad,Pseudo Composition",0.6663779831898584,4.014225647266208,16.11400754716981,1.7313012727112893,3.041509433962265,0.6784555767139238
107,"('_tripeptide_composition', '_moran_autocorrelation', '_transition')","Composition,Autocorrelation,CTD",0.6661139659956468,2.9865686753915752,8.919592452830187,1.730616632363865,2.382641509433962,0.6761186327790494
108,"('_moran_autocorrelation', '_composition', '_seq_order_coupling_number')","Autocorrelation,CTD,Quasi-Sequence-Order",0.6657648959389556,3.328305138405975,11.077615094339615,1.7297126814458705,2.73132075471698,0.6835751284651213
109,"('_conjoint_triad', '_seq_order_coupling_number', '_quasi_seq_order')","Conjoint Triad,Quasi-Sequence-Order,Quasi-Sequence-Order",0.6656059204954756,3.2055447245565105,10.275516981132075,1.7293014682280394,2.3041509433962264,0.6974160716706193
110,"('_aa_composition', '_dipeptide_composition', '_geary_autocorrelation')","Composition,Composition,Autocorrelation",0.6655676528049754,2.8991046112842853,8.404807547169806,1.7292025270414255,2.268301886792453,0.6841921417174357
111,"('_geary_autocorrelation', '_transition', '_quasi_seq_order')","Autocorrelation,CTD,Quasi-Sequence-Order",0.6654406399523827,3.2944561781019286,10.853441509433967,1.7288742567534703,2.5369811320754723,0.6683134771139724
112,"('_tripeptide_composition', '_normalized_moreaubroto_autocorrelation', '_conjoint_triad')","Composition,Autocorrelation,Conjoint Triad",0.6654312392682326,3.4216193893072067,11.707479245283022,1.7288499677030589,2.536226415094339,0.705886796245817
113,"('_normalized_moreaubroto_autocorrelation', '_distribution', '_pseudo_aa_composition')","Autocorrelation,CTD,Pseudo Composition",0.6650390360635143,3.8103335168242105,14.518641509433955,1.7278375227153278,3.2701886792452823,0.6807957154290025
114,"('_aa_composition', '_distribution', '_conjoint_triad')","Composition,CTD,Conjoint Triad",0.6644473284697874,3.55417692087854,12.63217358490566,1.7263134316011788,2.647169811320755,0.709862122195885
115,"('_composition', '_transition', '_quasi_seq_order')","CTD,CTD,Quasi-Sequence-Order",0.6640750295391478,3.3935110109047937,11.515916981132076,1.7253565470674446,2.7550943396226426,0.7017344407251231
116,"('_ctd', '_composition', '_transition')","CTD,CTD,CTD",0.6637117295250798,3.561707243804023,12.685758490566048,1.7244243238872496,2.8818867924528315,0.6860938620963397
117,"('_distribution', '_seq_order_coupling_number', '_amp_pseudo_aa_composition')","CTD,Quasi-Sequence-Order,Pseudo Composition",0.6635985481077451,3.439991224209955,11.833539622641506,1.7241342103828696,2.7177358490566035,0.6892648262240904
118,"('_geary_autocorrelation', '_composition', '_conjoint_triad')","Autocorrelation,CTD,Conjoint Triad",0.6635524892195082,3.5995649632321256,12.956867924528295,1.7240161913451848,2.8547169811320745,0.7046292479502092
119,"('_geary_autocorrelation', '_seq_order_coupling_number', '_pseudo_aa_composition')","Autocorrelation,Quasi-Sequence-Order,Pseudo Composition",0.6630429933253168,3.710311994204749,13.766415094339623,1.7227122987962677,3.036981132075472,0.6859568358864434
120,"('_aa_composition', '_dipeptide_composition', '_distribution')","Composition,Composition,CTD",0.6620788201665608,3.8813769196578725,15.065086792452833,1.7202528799173427,3.015849056603773,0.667593785125403
121,"('_composition', '_conjoint_triad', '_quasi_seq_order')","CTD,Conjoint Triad,Quasi-Sequence-Order",0.6617037734551627,3.466206670013385,12.014588679245279,1.7192990500343441,2.6283018867924532,0.7171598135635731
122,"('_normalized_moreaubroto_autocorrelation', '_ctd', '_quasi_seq_order')","Autocorrelation,CTD,Quasi-Sequence-Order",0.6611449025750911,3.3836086575089928,11.448807547169807,1.7178806521783099,2.695471698113207,0.6900980686976106
123,"('_dipeptide_composition', '_geary_autocorrelation', '_conjoint_triad')","Composition,Autocorrelation,Conjoint Triad",0.6609125290805993,3.7393541970934967,13.982769811320749,1.7172919274712077,2.6992452830188673,0.6691768545885449
124,"('_normalized_moreaubroto_autocorrelation', '_moran_autocorrelation', '_composition')","Autocorrelation,Autocorrelation,CTD",0.6605669586796756,3.751560178590356,14.074203773584902,1.7164175335430663,2.9079245283018857,0.686956083342964
125,"('_transition', '_conjoint_triad', '_seq_order_coupling_number')","CTD,Conjoint Triad,Quasi-Sequence-Order",0.6603351097481311,3.177366893727964,10.095660377358492,1.7158316362158945,2.6230188679245283,0.728826744580745
126,"('_composition', '_distribution', '_amp_pseudo_aa_composition')","CTD,CTD,Pseudo Composition",0.659511373324818,3.263666187147834,10.65151698113208,1.7137548430614735,2.5630188679245296,0.7106568720409349
127,"('_moran_autocorrelation', '_geary_autocorrelation', '_ctd')","Autocorrelation,Autocorrelation,CTD",0.6594009612867651,3.6142266063798716,13.062633962264162,1.7134770464726352,2.847924528301888,0.6680359266540796
128,"('_geary_autocorrelation', '_transition', '_seq_order_coupling_number')","Autocorrelation,CTD,Quasi-Sequence-Order",0.6589454003555131,3.538959446258766,12.524233962264152,1.7123322824938039,2.6411320754716985,0.728296980620504
129,"('_dipeptide_composition', '_transition', '_pseudo_aa_composition')","Composition,CTD,Pseudo Composition",0.6589054052915995,2.9412960819185536,8.651222641509435,1.7122318897467355,2.306792452830189,0.685857365429153
130,"('_aa_composition', '_composition', '_transition')","Composition,CTD,CTD",0.6588724562430064,3.5894678220152665,12.88427924528302,1.712149196667369,2.902264150943396,0.659004296525078
131,"('_dipeptide_composition', '_composition', '_conjoint_triad')","Composition,CTD,Conjoint Triad",0.6583619483142089,4.113556969752117,16.92135094339622,1.71086949069198,3.327924528301886,0.6962248062817835
132,"('_normalized_moreaubroto_autocorrelation', '_transition', '_conjoint_triad')","Autocorrelation,CTD,Conjoint Triad",0.658198478508782,3.4352687956131187,11.801071698113208,1.7104603220187458,2.6075471698113213,0.6833610314299914
133,"('_ctd', '_transition', '_distribution')","CTD,CTD,CTD",0.6572025626311155,3.477294545834529,12.091577358490563,1.7079738482780982,2.6505660377358495,0.6634902657925406
134,"('_aa_composition', '_dipeptide_composition', '_composition')","Composition,Composition,CTD",0.65600545268875,3.205808407745199,10.277207547169809,1.7049993615652512,2.5886792452830183,0.6981054718732538
135,"('_geary_autocorrelation', '_distribution', '_conjoint_triad')","Autocorrelation,CTD,Conjoint Triad",0.6559443602954045,3.234030139531204,10.45895094339622,1.7048479803583256,2.5679245283018863,0.6561943215910095
136,"('_moran_autocorrelation', '_transition', '_distribution')","Autocorrelation,CTD,CTD",0.6552245562604089,3.4926683317302967,12.198732075471694,1.7030674045585457,2.7230188679245275,0.6765150413856444
137,"('_dipeptide_composition', '_tripeptide_composition', '_normalized_moreaubroto_autocorrelation')","Composition,Composition,Autocorrelation",0.6551557609523018,3.3393231717345078,11.151079245283013,1.7028975178712364,2.6747169811320743,0.6980228026204455
138,"('_aa_composition', '_transition', '_seq_order_coupling_number')","Composition,CTD,Quasi-Sequence-Order",0.6540987468913027,3.017402356519938,9.104716981132075,1.7002936478054071,2.392075471698113,0.6895257576241195
139,"('_normalized_moreaubroto_autocorrelation', '_ctd', '_composition')","Autocorrelation,CTD,CTD",0.6520643487444701,3.8599618729175753,14.899305660377356,1.695315506850649,3.057358490566037,0.652153788138772
140,"('_moran_autocorrelation', '_composition', '_distribution')","Autocorrelation,CTD,CTD",0.651068155301481,3.533623934887178,12.486498113207542,1.6928937311397922,2.8909433962264153,0.7165001138083786
141,"('_aa_composition', '_dipeptide_composition', '_seq_order_coupling_number')","Composition,Composition,Quasi-Sequence-Order",0.6506332127277616,3.225401540016315,10.403215094339616,1.6918396228316042,2.3109433962264148,0.6804260217281317
142,"('_moran_autocorrelation', '_geary_autocorrelation', '_seq_order_coupling_number')","Autocorrelation,Autocorrelation,Quasi-Sequence-Order",0.649749027902783,3.4452734918961445,11.869909433962254,1.689702806223795,2.739245283018867,0.6559928081193125
143,"('_normalized_moreaubroto_autocorrelation', '_composition', '_pseudo_aa_composition')","Autocorrelation,CTD,Pseudo Composition",0.6496221194844298,3.5347482630335736,12.494445283018866,1.6893967695935996,2.8430188679245285,0.6502546683744522
144,"('_dipeptide_composition', '_tripeptide_composition', '_ctd')","Composition,Composition,CTD",0.6486601912965515,3.007604199170484,9.045683018867928,1.6870824969466314,2.312830188679246,0.6654632762002632
145,"('_dipeptide_composition', '_geary_autocorrelation', '_composition')","Composition,Autocorrelation,CTD",0.6484693260946184,3.1777599800120275,10.09815849056604,1.6866244301464837,2.510943396226415,0.6958003887372286
146,"('_moran_autocorrelation', '_composition', '_quasi_seq_order')","Autocorrelation,CTD,Quasi-Sequence-Order",0.6474897207123342,3.541590091662006,12.542860377358496,1.6842792845939463,2.786037735849057,0.6860239787346609
147,"('_tripeptide_composition', '_geary_autocorrelation', '_amp_pseudo_aa_composition')","Composition,Autocorrelation,Pseudo Composition",0.6473916184723838,3.42610290739719,11.738181132075479,1.684044969311888,2.4230188679245277,0.6749672507015263
148,"('_moran_autocorrelation', '_distribution', '_quasi_seq_order')","Autocorrelation,CTD,Quasi-Sequence-Order",0.6473828368482655,2.992982988560295,8.957947169811314,1.6840239993428394,2.395471698113207,0.6477057053555817
149,"('_dipeptide_composition', '_ctd', '_transition')","Composition,CTD,CTD",0.647023107265885,3.3845074332962746,11.454890566037736,1.6831656603314236,2.562641509433961,0.6749991542189122
150,"('_aa_composition', '_dipeptide_composition', '_normalized_moreaubroto_autocorrelation')","Composition,Composition,Autocorrelation",0.646784926181514,3.36726752219626,11.33849056603774,1.6825980658848605,2.7064150943396226,0.6563446280729608
151,"('_tripeptide_composition', '_transition', '_conjoint_triad')","Composition,CTD,Conjoint Triad",0.6465220883763008,2.9719277778878035,8.832354716981138,1.6819723795117447,2.276603773584906,0.6624730148101181
152,"('_aa_composition', '_normalized_moreaubroto_autocorrelation', '_geary_autocorrelation')","Composition,Autocorrelation,Autocorrelation",0.6462844721069828,3.1438013284005137,9.883486792452834,1.6814073334312893,2.393962264150945,0.6517542753222688
153,"('_normalized_moreaubroto_autocorrelation', '_ctd', '_conjoint_triad')","Autocorrelation,CTD,Conjoint Triad",0.6457524797216436,3.3569606648962056,11.269184905660374,1.680144329560745,2.6675471698113205,0.6486245006368707
154,"('_dipeptide_composition', '_composition', '_quasi_seq_order')","Composition,CTD,Quasi-Sequence-Order",0.645491750449602,3.402996459836592,11.580384905660376,1.6795263701995848,2.5641509433962266,0.6496018284430922
155,"('_moran_autocorrelation', '_composition', '_transition')","Autocorrelation,CTD,CTD",0.6454374271101833,3.2977442261540055,10.87511698113208,1.679397703240646,2.5792452830188686,0.7217015733057992
156,"('_normalized_moreaubroto_autocorrelation', '_ctd', '_amp_pseudo_aa_composition')","Autocorrelation,CTD,Pseudo Composition",0.6452781521416107,3.36074452667633,11.294603773584909,1.6790206246211816,2.736226415094339,0.6707599477731706
157,"('_geary_autocorrelation', '_distribution', '_pseudo_aa_composition')","Autocorrelation,CTD,Pseudo Composition",0.6452428870705744,3.344614369851758,11.186445283018873,1.6789371699827909,2.535094339622642,0.6840646446436773
158,"('_moran_autocorrelation', '_conjoint_triad', '_pseudo_aa_composition')","Autocorrelation,Conjoint Triad,Pseudo Composition",0.6440157507387682,3.74251454163369,14.006415094339628,1.6760408853767643,2.8747169811320754,0.6518364702710233
159,"('_ctd', '_composition', '_amp_pseudo_aa_composition')","CTD,CTD,Pseudo Composition",0.643963406622108,3.3190291829059198,11.015954716981136,1.6759176759847738,2.7011320754717,0.6451511104923493
160,"('_moran_autocorrelation', '_distribution', '_conjoint_triad')","Autocorrelation,CTD,Conjoint Triad",0.6435903015513365,3.3462646028747987,11.197486792452835,1.6750402347737572,2.4547169811320755,0.6646002635191821
161,"('_aa_composition', '_composition', '_seq_order_coupling_number')","Composition,CTD,Quasi-Sequence-Order",0.6424185927277477,3.5007783501106973,12.255449056603776,1.6722936296454332,2.8192452830188683,0.6681169594822408
162,"('_dipeptide_composition', '_ctd', '_amp_pseudo_aa_composition')","Composition,CTD,Pseudo Composition",0.642227323680514,3.5650684716492,12.709713207547162,1.6718465569765169,2.7830188679245285,0.6966593692296686
163,"('_geary_autocorrelation', '_conjoint_triad', '_quasi_seq_order')","Autocorrelation,Conjoint Triad,Quasi-Sequence-Order",0.6418547711104676,3.350881607453449,11.22840754716981,1.6709767802180833,2.807547169811321,0.6581136845452017
164,"('_tripeptide_composition', '_seq_order_coupling_number', '_quasi_seq_order')","Composition,Quasi-Sequence-Order,Quasi-Sequence-Order",0.6411033048040887,3.3601729515236185,11.290762264150946,1.6692264983829321,2.566792452830188,0.7320314124205303
165,"('_dipeptide_composition', '_moran_autocorrelation', '_geary_autocorrelation')","Composition,Autocorrelation,Autocorrelation",0.6409653379871922,3.5160601879494355,12.362679245283019,1.668905749414221,2.7513207547169816,0.6415911317520415
166,"('_normalized_moreaubroto_autocorrelation', '_geary_autocorrelation', '_amp_pseudo_aa_composition')","Autocorrelation,Autocorrelation,Pseudo Composition",0.6386082522663826,3.537502583504623,12.513924528301883,1.6634543394601813,2.697735849056603,0.6387229423566019
167,"('_conjoint_triad', '_seq_order_coupling_number', '_amp_pseudo_aa_composition')","Conjoint Triad,Quasi-Sequence-Order,Pseudo Composition",0.6382301672550884,3.309330434472856,10.951667924528302,1.6625848756404162,2.7426415094339625,0.6867602920102198
168,"('_ctd', '_seq_order_coupling_number', '_pseudo_aa_composition')","CTD,Quasi-Sequence-Order,Pseudo Composition",0.6372785722458716,2.978291266468834,8.870218867924532,1.660402558341298,2.426415094339622,0.6699306276354555
169,"('_tripeptide_composition', '_geary_autocorrelation', '_ctd')","Composition,Autocorrelation,CTD",0.636699895781573,3.8273593044399448,14.648679245283017,1.6590796591892527,2.9509433962264158,0.7169200293972953
170,"('_dipeptide_composition', '_ctd', '_seq_order_coupling_number')","Composition,CTD,Quasi-Sequence-Order",0.6358068013685532,3.5376689905632013,12.51510188679246,1.6570441677510708,2.6894339622641525,0.6780545461213312
171,"('_tripeptide_composition', '_seq_order_coupling_number', '_amp_pseudo_aa_composition')","Composition,Quasi-Sequence-Order,Pseudo Composition",0.6349114561580798,3.6699596419558764,13.468603773584904,1.655011048231431,2.5486792452830187,0.6620590235666584
172,"('_dipeptide_composition', '_normalized_moreaubroto_autocorrelation', '_moran_autocorrelation')","Composition,Autocorrelation,Autocorrelation",0.6336129150981877,3.543980280195574,12.559796226415102,1.652075618095758,2.4456603773584913,0.6575199827858507
173,"('_moran_autocorrelation', '_ctd', '_conjoint_triad')","Autocorrelation,CTD,Conjoint Triad",0.6329217567355835,3.1950893925546264,10.208596226415091,1.6505195685453509,2.630566037735848,0.6406055035724785
174,"('_aa_composition', '_moran_autocorrelation', '_geary_autocorrelation')","Composition,Autocorrelation,Autocorrelation",0.6321565962620084,3.260930530466464,10.633667924528295,1.6488020309194333,2.647169811320754,0.6753447805350941
175,"('_aa_composition', '_tripeptide_composition', '_conjoint_triad')","Composition,Composition,Conjoint Triad",0.6317245942140455,3.547285967588327,12.583237735849053,1.647834691191431,2.623018867924529,0.7518612047726803
176,"('_aa_composition', '_transition', '_pseudo_aa_composition')","Composition,CTD,Pseudo Composition",0.6312346405897484,3.5568737598340796,12.651350943396222,1.646739644017242,2.6294339622641503,0.6605150812613898
177,"('_moran_autocorrelation', '_geary_autocorrelation', '_distribution')","Autocorrelation,Autocorrelation,CTD",0.6311261180104752,3.6381687286481377,13.236271698113207,1.6464973910573397,2.7479245283018865,0.6460309824523253
178,"('_aa_composition', '_tripeptide_composition', '_ctd')","Composition,Composition,CTD",0.6309503949426429,3.5868154793659044,12.865245283018863,1.646105354298837,2.7120754716981135,0.6672010561759292
179,"('_ctd', '_distribution', '_seq_order_coupling_number')","CTD,CTD,Quasi-Sequence-Order",0.6304573156191389,3.8594857414789407,14.895630188679249,1.6450067918343982,2.87433962264151,0.6350243566051461
180,"('_geary_autocorrelation', '_transition', '_pseudo_aa_composition')","Autocorrelation,CTD,Pseudo Composition",0.6291327728158248,3.904594294388801,15.245856603773577,1.6420666144814908,2.950188679245282,0.6895988438633588
181,"('_aa_composition', '_distribution', '_seq_order_coupling_number')","Composition,CTD,Quasi-Sequence-Order",0.6286495227989137,3.254161921496956,10.58956981132076,1.6409978302775998,2.580377358490567,0.7094284448050934
182,"('_normalized_moreaubroto_autocorrelation', '_moran_autocorrelation', '_ctd')","Autocorrelation,Autocorrelation,CTD",0.6282386742619189,3.681293866061482,13.551924528301893,1.6400908129442056,2.8158490566037737,0.6384147082003138
183,"('_aa_composition', '_normalized_moreaubroto_autocorrelation', '_conjoint_triad')","Composition,Autocorrelation,Conjoint Triad",0.6281091030034669,3.425607231668624,11.734784905660375,1.6398050743772081,2.672075471698112,0.647464802207314
184,"('_tripeptide_composition', '_normalized_moreaubroto_autocorrelation', '_pseudo_aa_composition')","Composition,Autocorrelation,Pseudo Composition",0.627688462552475,3.6153926689840215,13.071064150943407,1.6388784803649832,2.898867924528302,0.720285286661664
185,"('_aa_composition', '_distribution', '_quasi_seq_order')","Composition,CTD,Quasi-Sequence-Order",0.6272133593352991,3.449379490274233,11.898218867924529,1.637833801454993,2.733584905660377,0.6618430700165836
186,"('_aa_composition', '_transition', '_amp_pseudo_aa_composition')","Composition,CTD,Pseudo Composition",0.6270653583083732,3.548515501466908,12.591962264150942,1.6375087778292017,2.866037735849056,0.6541247447402361
187,"('_moran_autocorrelation', '_seq_order_coupling_number', '_pseudo_aa_composition')","Autocorrelation,Quasi-Sequence-Order,Pseudo Composition",0.6270334525566417,3.9317296592222037,15.458498113207547,1.6374387352660207,2.878867924528303,0.6588471934652274
188,"('_composition', '_pseudo_aa_composition', '_amp_pseudo_aa_composition')","CTD,Pseudo Composition,Pseudo Composition",0.6267666790689719,3.6467612925071338,13.298867924528302,1.6368534400869403,2.906415094339623,0.6683580000663409
189,"('_tripeptide_composition', '_composition', '_transition')","Composition,CTD,CTD",0.6264568165313986,3.342774804892848,11.174143396226418,1.636174395721973,2.7056603773584906,0.6271014761469422
190,"('_ctd', '_transition', '_amp_pseudo_aa_composition')","CTD,CTD,Pseudo Composition",0.625315927041677,3.5162522930926396,12.364030188679246,1.633681472396096,2.4830188679245278,0.6309438174997617
191,"('_dipeptide_composition', '_geary_autocorrelation', '_amp_pseudo_aa_composition')","Composition,Autocorrelation,Pseudo Composition",0.6251636173764586,3.509715894538667,12.318105660377356,1.6333495265504963,2.6101886792452826,0.6430730085547678
192,"('_normalized_moreaubroto_autocorrelation', '_geary_autocorrelation', '_composition')","Autocorrelation,Autocorrelation,CTD",0.6249360268865989,3.41206516339376,11.642188679245287,1.6328538894656068,2.771320754716981,0.6630397069118488
193,"('_ctd', '_quasi_seq_order', '_amp_pseudo_aa_composition')","CTD,Quasi-Sequence-Order,Pseudo Composition",0.6241732705507059,3.488034533323942,12.166384905660372,1.6311960746700818,2.7509433962264147,0.6265690513962567
194,"('_dipeptide_composition', '_moran_autocorrelation', '_pseudo_aa_composition')","Composition,Autocorrelation,Pseudo Composition",0.624122724988939,3.778246573453263,14.275147169811321,1.6310863945970346,2.870566037735849,0.6266871189567382
195,"('_composition', '_seq_order_coupling_number', '_pseudo_aa_composition')","CTD,Quasi-Sequence-Order,Pseudo Composition",0.6240065368804397,3.203316677421865,10.261237735849056,1.6308343589840795,2.4898113207547174,0.6545136695050717
196,"('_dipeptide_composition', '_geary_autocorrelation', '_distribution')","Composition,Autocorrelation,CTD",0.6239679515126496,3.87886484075305,15.045592452830185,1.6307506853209834,3.0637735849056607,0.6388807621881236
197,"('_aa_composition', '_normalized_moreaubroto_autocorrelation', '_seq_order_coupling_number')","Composition,Autocorrelation,Quasi-Sequence-Order",0.6238598665026494,3.909651338023081,15.285373584905665,1.6305163679051549,3.0686792452830196,0.6278567765490108
198,"('_transition', '_quasi_seq_order', '_pseudo_aa_composition')","CTD,Quasi-Sequence-Order,Pseudo Composition",0.6238519615147815,3.860402755408075,14.902709433962258,1.6304992346510805,2.989811320754716,0.6242505183729937
199,"('_dipeptide_composition', '_normalized_moreaubroto_autocorrelation', '_seq_order_coupling_number')","Composition,Autocorrelation,Quasi-Sequence-Order",0.6234300790377454,3.4637769765670865,11.997750943396227,1.6295856303130078,2.9569811320754718,0.6737083290873562
200,"('_normalized_moreaubroto_autocorrelation', '_seq_order_coupling_number', '_pseudo_aa_composition')","Autocorrelation,Quasi-Sequence-Order,Pseudo Composition",0.623210031131759,3.742084980328481,14.003200000000007,1.6291097162696422,3.017358490566037,0.624868976483548
201,"('_ctd', '_conjoint_triad', '_quasi_seq_order')","CTD,Conjoint Triad,Quasi-Sequence-Order",0.6229537703794805,3.578315193305574,12.804339622641509,1.6285560071914913,2.8554716981132064,0.6282796764358465
202,"('_geary_autocorrelation', '_transition', '_conjoint_triad')","Autocorrelation,CTD,Conjoint Triad",0.6226294718675299,3.140227127947012,9.86102641509434,1.6278560958777142,2.4535849056603776,0.6292473276489932
203,"('_tripeptide_composition', '_ctd', '_pseudo_aa_composition')","Composition,CTD,Pseudo Composition",0.6223475132937129,3.5716884649372824,12.756958490566042,1.6272482967734887,2.7837735849056613,0.6738404687008626
204,"('_tripeptide_composition', '_conjoint_triad', '_seq_order_coupling_number')","Composition,Conjoint Triad,Quasi-Sequence-Order",0.6221550960257622,3.4594939099827227,11.968098113207546,1.626833906449241,2.5415094339622644,0.6686235940281009
205,"('_moran_autocorrelation', '_composition', '_conjoint_triad')","Autocorrelation,CTD,Conjoint Triad",0.6216663759539083,3.472917320781065,12.061154716981132,1.6257828191815136,2.8366037735849052,0.6434233738864604
206,"('_aa_composition', '_dipeptide_composition', '_ctd')","Composition,Composition,CTD",0.6209914337050739,3.3377983931339457,11.14089811320755,1.6243345689701303,2.6260377358490565,0.6869885813415313
207,"('_moran_autocorrelation', '_quasi_seq_order', '_amp_pseudo_aa_composition')","Autocorrelation,Quasi-Sequence-Order,Pseudo Composition",0.6209779244480251,3.070070984367724,9.425335849056607,1.6243056211196298,2.397358490566038,0.6582425567807979
208,"('_dipeptide_composition', '_quasi_seq_order', '_amp_pseudo_aa_composition')","Composition,Quasi-Sequence-Order,Pseudo Composition",0.6203867609741035,3.323592055433909,11.046264150943395,1.6230403803657398,2.5607547169811324,0.6736787656808298
209,"('_composition', '_quasi_seq_order', '_pseudo_aa_composition')","CTD,Quasi-Sequence-Order,Pseudo Composition",0.6202906440691784,3.6602226965963762,13.397230188679247,1.6228349449596522,2.7694339622641513,0.6530955627480464
210,"('_moran_autocorrelation', '_pseudo_aa_composition', '_amp_pseudo_aa_composition')","Autocorrelation,Pseudo Composition,Pseudo Composition",0.6199452451903413,3.3889810345928746,11.48519245283019,1.6220973502123353,2.5592452830188686,0.6708257326872077
211,"('_transition', '_distribution', '_pseudo_aa_composition')","CTD,CTD,Pseudo Composition",0.619943196772119,3.5445807693137255,12.56405283018868,1.622092978841767,2.7626415094339625,0.6321732069852422
212,"('_tripeptide_composition', '_transition', '_quasi_seq_order')","Composition,CTD,Quasi-Sequence-Order",0.6192985727529985,2.8749562753032714,8.26537358490566,1.620719089713547,2.2543396226415098,0.652739487167042
213,"('_ctd', '_distribution', '_pseudo_aa_composition')","CTD,CTD,Pseudo Composition",0.6192174627840795,3.576820555048697,12.793645283018867,1.6205464669390877,2.8415094339622633,0.6449911832911236
214,"('_aa_composition', '_moran_autocorrelation', '_pseudo_aa_composition')","Composition,Autocorrelation,Pseudo Composition",0.6180788664033923,3.6626271630960545,13.414837735849053,1.6181290495220244,2.8822641509433966,0.643093820022241
215,"('_composition', '_seq_order_coupling_number', '_amp_pseudo_aa_composition')","CTD,Quasi-Sequence-Order,Pseudo Composition",0.6169556314401632,3.697706581418292,13.673033962264151,1.6157548160614843,2.703018867924528,0.6694348733210198
216,"('_dipeptide_composition', '_tripeptide_composition', '_geary_autocorrelation')","Composition,Composition,Autocorrelation",0.6169105836569002,3.0439596853502744,9.26569056603774,1.6156598143340466,2.2792452830188683,0.627231222567949
217,"('_tripeptide_composition', '_moran_autocorrelation', '_seq_order_coupling_number')","Composition,Autocorrelation,Quasi-Sequence-Order",0.6166182612286878,3.6120866284352533,13.047169811320757,1.615043739524356,2.816603773584906,0.6514693229752253
218,"('_dipeptide_composition', '_moran_autocorrelation', '_quasi_seq_order')","Composition,Autocorrelation,Quasi-Sequence-Order",0.6165554015858875,3.859335166130082,14.894467924528305,1.6149113537324766,2.915849056603775,0.6440979393726101
219,"('_seq_order_coupling_number', '_quasi_seq_order', '_pseudo_aa_composition')","Quasi-Sequence-Order,Quasi-Sequence-Order,Pseudo Composition",0.6165552693185624,2.8512307835620874,8.129516981132074,1.6149110752046911,2.185283018867925,0.62601868074187
220,"('_dipeptide_composition', '_moran_autocorrelation', '_seq_order_coupling_number')","Composition,Autocorrelation,Quasi-Sequence-Order",0.6163037388727739,3.857669645568374,14.881615094339624,1.6143816643969797,2.9056603773584913,0.6498782212299331
221,"('_quasi_seq_order', '_pseudo_aa_composition', '_amp_pseudo_aa_composition')","Quasi-Sequence-Order,Pseudo Composition,Pseudo Composition",0.6153530376398897,4.123642829911344,17.004430188679244,1.6123853608769199,3.361886792452831,0.6835418210796653
222,"('_aa_composition', '_moran_autocorrelation', '_ctd')","Composition,Autocorrelation,CTD",0.6146766790089196,3.6696038550271606,13.465992452830198,1.610969628065436,2.9562264150943407,0.6188993839467583
223,"('_tripeptide_composition', '_conjoint_triad', '_amp_pseudo_aa_composition')","Composition,Conjoint Triad,Pseudo Composition",0.6142920141910383,3.7931149145151126,14.38772075471699,1.6101661213448981,2.7543396226415093,0.6357524229917422
224,"('_tripeptide_composition', '_normalized_moreaubroto_autocorrelation', '_composition')","Composition,Autocorrelation,CTD",0.6138210556979364,3.7677679694612447,14.196075471698112,1.6091839953613556,3.034716981132075,0.6451971105126639
225,"('_aa_composition', '_tripeptide_composition', '_transition')","Composition,Composition,CTD",0.6133312332650811,3.9264098537496874,15.41669433962264,1.6081644351224393,3.0732075471698117,0.7204296282486324
226,"('_distribution', '_conjoint_triad', '_seq_order_coupling_number')","CTD,Conjoint Triad,Quasi-Sequence-Order",0.6131286850634816,4.064683607636477,16.521652830188685,1.6077433991768264,3.2011320754716985,0.651969994819967
227,"('_geary_autocorrelation', '_distribution', '_amp_pseudo_aa_composition')","Autocorrelation,CTD,Pseudo Composition",0.6124658486009191,3.991616686705388,15.9330037735849,1.6063678726416306,2.9883018867924513,0.6144822159193439
228,"('_normalized_moreaubroto_autocorrelation', '_geary_autocorrelation', '_seq_order_coupling_number')","Autocorrelation,Autocorrelation,Quasi-Sequence-Order",0.6119787572088213,3.572306479699868,12.761373584905664,1.6053593019924408,2.6218867924528304,0.612610576755506
229,"('_normalized_moreaubroto_autocorrelation', '_seq_order_coupling_number', '_amp_pseudo_aa_composition')","Autocorrelation,Quasi-Sequence-Order,Pseudo Composition",0.61130087146824,3.737806843591574,13.971200000000005,1.603958829252982,2.833962264150943,0.6308612033210638
230,"('_geary_autocorrelation', '_conjoint_triad', '_amp_pseudo_aa_composition')","Autocorrelation,Conjoint Triad,Pseudo Composition",0.6110334067412331,3.1838875015680923,10.13713962264151,1.6034072700807693,2.5060377358490564,0.647997991459331
231,"('_aa_composition', '_tripeptide_composition', '_moran_autocorrelation')","Composition,Composition,Autocorrelation",0.6105976715404904,3.853957534696676,14.852988679245282,1.6025099249767845,2.8388679245283015,0.6392635990136621
232,"('_geary_autocorrelation', '_composition', '_distribution')","Autocorrelation,CTD,CTD",0.6103881997335464,3.3153957616857417,10.991849056603778,1.6020790784513865,2.5426415094339614,0.6475117043402021
233,"('_aa_composition', '_moran_autocorrelation', '_amp_pseudo_aa_composition')","Composition,Autocorrelation,Pseudo Composition",0.6094466518676287,3.7703060283178353,14.215207547169811,1.6001467632156605,2.98,0.6351867472189207
234,"('_conjoint_triad', '_quasi_seq_order', '_amp_pseudo_aa_composition')","Conjoint Triad,Quasi-Sequence-Order,Pseudo Composition",0.6094163912254803,3.6682256262780535,13.455879245283016,1.6000847759670869,3.050566037735848,0.6511626893806701
235,"('_tripeptide_composition', '_normalized_moreaubroto_autocorrelation', '_seq_order_coupling_number')","Composition,Autocorrelation,Quasi-Sequence-Order",0.6089738708854298,3.4643837427428763,12.001954716981139,1.5991791197349166,2.8667924528301887,0.6922612076364563
236,"('_dipeptide_composition', '_transition', '_seq_order_coupling_number')","Composition,CTD,Quasi-Sequence-Order",0.6087868244366508,3.8025870042023113,14.45966792452831,1.5987967750742875,3.031698113207546,0.6406538236156438
237,"('_geary_autocorrelation', '_transition', '_distribution')","Autocorrelation,CTD,CTD",0.6076699745803483,3.249858052052515,10.561577358490567,1.5965194977471986,2.6901886792452827,0.6100800939873836
238,"('_aa_composition', '_dipeptide_composition', '_transition')","Composition,Composition,CTD",0.6075190039050622,3.368777842325522,11.348664150943398,1.5962124117840588,2.6709433962264164,0.6266702026204963
239,"('_moran_autocorrelation', '_distribution', '_pseudo_aa_composition')","Autocorrelation,CTD,Pseudo Composition",0.6074162810451772,3.5533529209933645,12.626316981132074,1.5960035668634973,2.773962264150943,0.6484147608445734
240,"('_tripeptide_composition', '_ctd', '_conjoint_triad')","Composition,CTD,Conjoint Triad",0.6071088928535947,3.326393026393262,11.064890566037727,1.595379108030417,2.4430188679245277,0.6290687119086369
241,"('_aa_composition', '_normalized_moreaubroto_autocorrelation', '_ctd')","Composition,Autocorrelation,CTD",0.6069731752493317,3.5014466013187735,12.26012830188679,1.595103630999395,2.828301886792453,0.621485537687605
242,"('_normalized_moreaubroto_autocorrelation', '_conjoint_triad', '_seq_order_coupling_number')","Autocorrelation,Conjoint Triad,Quasi-Sequence-Order",0.6068539631327243,3.5397430884282364,12.529781132075469,1.594861774183542,2.9320754716981132,0.6131599280553522
243,"('_moran_autocorrelation', '_distribution', '_seq_order_coupling_number')","Autocorrelation,CTD,Quasi-Sequence-Order",0.6062173611900357,3.6159155525286906,13.074845283018867,1.5935720997866578,2.9626415094339618,0.6382510920167519
244,"('_composition', '_quasi_seq_order', '_amp_pseudo_aa_composition')","CTD,Quasi-Sequence-Order,Pseudo Composition",0.6061183659220686,3.232882935627534,10.451532075471702,1.5933718289477186,2.3947169811320763,0.6259015632450258
245,"('_tripeptide_composition', '_distribution', '_amp_pseudo_aa_composition')","Composition,CTD,Pseudo Composition",0.6059992366629032,3.9752431989207953,15.802558490566039,1.5931309264247084,3.0652830188679245,0.6069927855768343
246,"('_dipeptide_composition', '_normalized_moreaubroto_autocorrelation', '_pseudo_aa_composition')","Composition,Autocorrelation,Pseudo Composition",0.6051147816508728,2.897883417580284,8.397728301886785,1.5913457969198683,2.45320754716981,0.6558640438322044
247,"('_tripeptide_composition', '_ctd', '_composition')","Composition,CTD,CTD",0.6041773306221359,4.047158798419288,16.37949433962265,1.5894602390642052,3.0418867924528312,0.6312913093136103
248,"('_geary_autocorrelation', '_conjoint_triad', '_pseudo_aa_composition')","Autocorrelation,Conjoint Triad,Pseudo Composition",0.6039957345023279,3.5214426717704845,12.400558490566048,1.589095756992655,2.750188679245284,0.6641812881984863
249,"('_tripeptide_composition', '_composition', '_seq_order_coupling_number')","Composition,CTD,Quasi-Sequence-Order",0.6035855436307862,3.293546577263449,10.84744905660378,1.5882733837520973,2.5807547169811325,0.6482301358143512
250,"('_geary_autocorrelation', '_distribution', '_seq_order_coupling_number')","Autocorrelation,CTD,Quasi-Sequence-Order",0.6029712938506411,3.3614866432622006,11.299592452830177,1.5870442859635696,2.4981132075471684,0.6183995344813529
251,"('_aa_composition', '_geary_autocorrelation', '_amp_pseudo_aa_composition')","Composition,Autocorrelation,Pseudo Composition",0.6017686373334608,3.552565907664753,12.620724528301892,1.5846460414312442,2.7162264150943405,0.6027866972296716
252,"('_aa_composition', '_seq_order_coupling_number', '_pseudo_aa_composition')","Composition,Quasi-Sequence-Order,Pseudo Composition",0.6014927554201697,3.608419922850255,13.020694339622638,1.5840974304878213,2.7056603773584906,0.6233996866867131
253,"('_aa_composition', '_transition', '_distribution')","Composition,CTD,CTD",0.6012459635227063,4.223739736121363,17.83997735849056,1.5836071496594153,3.3211320754716973,0.6223831842556102
254,"('_moran_autocorrelation', '_ctd', '_distribution')","Autocorrelation,CTD,CTD",0.6003445785568002,3.8882444988733496,15.118445283018866,1.5818203035756846,3.039245283018867,0.6316107554976519
255,"('_aa_composition', '_normalized_moreaubroto_autocorrelation', '_distribution')","Composition,Autocorrelation,CTD",0.5979729572379405,4.130444719991499,17.060573584905654,1.5771476977849754,3.2996226415094334,0.6198955335316493
256,"('_normalized_moreaubroto_autocorrelation', '_distribution', '_conjoint_triad')","Autocorrelation,CTD,Conjoint Triad",0.5979425830503308,4.009127322347402,16.073101886792454,1.5770881223576412,3.0218867924528303,0.6589942202626351
257,"('_dipeptide_composition', '_normalized_moreaubroto_autocorrelation', '_geary_autocorrelation')","Composition,Autocorrelation,Autocorrelation",0.5975690447357815,3.7910122111258957,14.371773584905654,1.5763560221092583,2.799245283018867,0.7078068170898157
258,"('_aa_composition', '_geary_autocorrelation', '_ctd')","Composition,Autocorrelation,CTD",0.5974924790586853,3.875929590263379,15.022830188679242,1.5762060863936063,3.1196226415094346,0.6060426361543143
259,"('_normalized_moreaubroto_autocorrelation', '_transition', '_seq_order_coupling_number')","Autocorrelation,CTD,Quasi-Sequence-Order",0.5965250233879624,3.9172015424953943,15.344467924528297,1.5743152321737328,3.201509433962263,0.6412987250775684
260,"('_normalized_moreaubroto_autocorrelation', '_moran_autocorrelation', '_pseudo_aa_composition')","Autocorrelation,Autocorrelation,Pseudo Composition",0.5954204771518288,3.337583579619153,11.139464150943398,1.5721647372299916,2.610188679245284,0.6695922159174217
261,"('_moran_autocorrelation', '_geary_autocorrelation', '_composition')","Autocorrelation,Autocorrelation,CTD",0.5948932446792243,3.4472400773580296,11.883464150943395,1.5711413450481884,2.6879245283018864,0.6594595898719948
262,"('_tripeptide_composition', '_composition', '_distribution')","Composition,CTD,CTD",0.5941295303061149,3.4176655389094273,11.680437735849067,1.5696624640944563,2.6626415094339633,0.6373070379243007
263,"('_aa_composition', '_moran_autocorrelation', '_conjoint_triad')","Composition,Autocorrelation,Conjoint Triad",0.593785255522602,3.982873713647963,15.863283018867918,1.5689971635856332,2.8962264150943398,0.6389919666772356
264,"('_aa_composition', '_ctd', '_quasi_seq_order')","Composition,CTD,Quasi-Sequence-Order",0.5935219798303142,4.087513429670396,16.707766037735844,1.5684889617845934,3.234339622641508,0.609195332772102
265,"('_ctd', '_quasi_seq_order', '_pseudo_aa_composition')","CTD,Quasi-Sequence-Order,Pseudo Composition",0.5934911408881708,3.3629030585391666,11.309116981132082,1.5684294655932087,2.761509433962265,0.6088814646716825
266,"('_dipeptide_composition', '_moran_autocorrelation', '_ctd')","Composition,Autocorrelation,CTD",0.5934221654576478,3.6132022070013248,13.055230188679245,1.5682964188834347,2.5532075471698112,0.6201721873541389
267,"('_geary_autocorrelation', '_ctd', '_seq_order_coupling_number')","Autocorrelation,CTD,Quasi-Sequence-Order",0.5928947073297682,3.436821699801491,11.811743396226412,1.567280123073017,2.56377358490566,0.6120194365024114
268,"('_normalized_moreaubroto_autocorrelation', '_ctd', '_seq_order_coupling_number')","Autocorrelation,CTD,Quasi-Sequence-Order",0.5926859567379028,3.337840223631227,11.141177358490559,1.5668784519440204,2.6935849056603773,0.6082670796782677
269,"('_aa_composition', '_moran_autocorrelation', '_quasi_seq_order')","Composition,Autocorrelation,Quasi-Sequence-Order",0.5920217398871428,3.4665365239238595,12.016875471698114,1.565602439077754,2.661132075471699,0.6045533093283105
270,"('_composition', '_conjoint_triad', '_seq_order_coupling_number')","CTD,Conjoint Triad,Quasi-Sequence-Order",0.5918199656358324,3.7235274409857095,13.864656603773588,1.5652154317742641,2.8524528301886805,0.6565364549653118
271,"('_composition', '_distribution', '_quasi_seq_order')","CTD,CTD,Quasi-Sequence-Order",0.5914653065047848,3.398752268279063,11.551516981132076,1.5645358830308844,2.726037735849057,0.6193721740934688
272,"('_tripeptide_composition', '_conjoint_triad', '_quasi_seq_order')","Composition,Conjoint Triad,Quasi-Sequence-Order",0.5911292364261935,3.5477667703223923,12.586649056603777,1.5638927681005943,2.755849056603773,0.6217533663474653
273,"('_aa_composition', '_dipeptide_composition', '_tripeptide_composition')","Composition,Composition,Composition",0.5900020340365117,3.597939661990005,12.94516981132075,1.5617414928411317,2.692452830188678,0.6159583288608587
274,"('_aa_composition', '_pseudo_aa_composition', '_amp_pseudo_aa_composition')","Composition,Pseudo Composition,Pseudo Composition",0.5876758189032313,3.352132523160471,11.236792452830187,1.557329812204146,2.5822641509433963,0.603296310027017
275,"('_geary_autocorrelation', '_ctd', '_composition')","Autocorrelation,CTD,CTD",0.5874166995480288,3.7222249382010806,13.85495849056604,1.5568407016714492,2.969056603773585,0.6063315319082082
276,"('_normalized_moreaubroto_autocorrelation', '_quasi_seq_order', '_amp_pseudo_aa_composition')","Autocorrelation,Quasi-Sequence-Order,Pseudo Composition",0.5872420554479345,3.597088969792626,12.939049056603777,1.5565113054556783,2.7449056603773587,0.6439748823304821
277,"('_tripeptide_composition', '_distribution', '_seq_order_coupling_number')","Composition,CTD,Quasi-Sequence-Order",0.5870627548081124,3.7360366448043254,13.95796981132076,1.5561733439641272,2.847169811320754,0.633862197455684
278,"('_dipeptide_composition', '_ctd', '_pseudo_aa_composition')","Composition,CTD,Pseudo Composition",0.5860734722472064,3.696446023892027,13.663713207547174,1.5543126078248002,2.7954716981132086,0.5903872997467351
279,"('_normalized_moreaubroto_autocorrelation', '_composition', '_quasi_seq_order')","Autocorrelation,CTD,Quasi-Sequence-Order",0.5856544057695203,3.8038679420761605,14.469411320754725,1.5535263980791132,3.065283018867926,0.629017644608578
280,"('_aa_composition', '_tripeptide_composition', '_amp_pseudo_aa_composition')","Composition,Composition,Pseudo Composition",0.5847772316689628,3.6691739854971526,13.462837735849059,1.5518845883300931,2.528301886792454,0.6118327809050571
281,"('_dipeptide_composition', '_geary_autocorrelation', '_quasi_seq_order')","Composition,Autocorrelation,Quasi-Sequence-Order",0.5843782306839886,3.604747393866164,12.994203773584902,1.5511394972319263,2.8505660377358484,0.6123009780241755
282,"('_aa_composition', '_conjoint_triad', '_quasi_seq_order')","Composition,Conjoint Triad,Quasi-Sequence-Order",0.5840445654647204,3.650741976794864,13.327916981132073,1.5505172368987006,2.6049056603773573,0.6399578690634491
283,"('_aa_composition', '_geary_autocorrelation', '_composition')","Composition,Autocorrelation,CTD",0.582845012530246,3.7458515418506524,14.031403773584909,1.5482863316414845,2.834339622641511,0.6419039708359289
284,"('_dipeptide_composition', '_seq_order_coupling_number', '_pseudo_aa_composition')","Composition,Quasi-Sequence-Order,Pseudo Composition",0.58278783161244,3.094956335230133,9.578754716981134,1.5481802279922696,2.609433962264151,0.5985667613041679
285,"('_distribution', '_conjoint_triad', '_quasi_seq_order')","CTD,Conjoint Triad,Quasi-Sequence-Order",0.5824893430197358,3.3996914399386973,11.557901886792454,1.547626713065771,2.6105660377358486,0.6159903725815072
286,"('_ctd', '_seq_order_coupling_number', '_quasi_seq_order')","CTD,Quasi-Sequence-Order,Quasi-Sequence-Order",0.5821786982735103,3.7753770272799523,14.253471698113211,1.5470512858449885,2.820754716981133,0.6694719305872768
287,"('_dipeptide_composition', '_seq_order_coupling_number', '_amp_pseudo_aa_composition')","Composition,Quasi-Sequence-Order,Pseudo Composition",0.5816524143041892,3.841741939807445,14.75898113207547,1.546077879347579,3.0298113207547157,0.6444065995986251
288,"('_aa_composition', '_ctd', '_distribution')","Composition,CTD,CTD",0.5816457630324476,3.296394828888756,10.866218867924532,1.5460655890155182,2.5713207547169805,0.5978650168173879
289,"('_aa_composition', '_seq_order_coupling_number', '_amp_pseudo_aa_composition')","Composition,Quasi-Sequence-Order,Pseudo Composition",0.5814711631904979,4.2175688248625915,17.787886792452824,1.545743065281219,3.1422641509433973,0.6283616453153431
290,"('_transition', '_pseudo_aa_composition', '_amp_pseudo_aa_composition')","CTD,Pseudo Composition,Pseudo Composition",0.5813337557776549,4.282167499125419,18.33695849056604,1.5454893859022438,3.2849056603773588,0.6125983235636311
291,"('_aa_composition', '_moran_autocorrelation', '_transition')","Composition,Autocorrelation,CTD",0.5803637917263335,3.6007315818494843,12.96526792452829,1.5437021993210325,2.74566037735849,0.5991700523066986
292,"('_dipeptide_composition', '_moran_autocorrelation', '_distribution')","Composition,Autocorrelation,CTD",0.5798874894193989,3.032322728878883,9.194981132075476,1.5428268654269812,2.3158490566037737,0.6354754390176776
293,"('_transition', '_distribution', '_amp_pseudo_aa_composition')","CTD,CTD,Pseudo Composition",0.5771025543433268,4.121283002282864,16.984973584905656,1.537738433375462,3.168679245283018,0.6272008659548114
294,"('_normalized_moreaubroto_autocorrelation', '_geary_autocorrelation', '_pseudo_aa_composition')","Autocorrelation,Autocorrelation,Pseudo Composition",0.5770785706598218,3.8652989339838393,14.940535849056603,1.537694830530788,3.036603773584905,0.620471026512423
295,"('_moran_autocorrelation', '_composition', '_amp_pseudo_aa_composition')","Autocorrelation,CTD,Pseudo Composition",0.57610294618523,3.712059897044401,13.779388679245288,1.5359242627717413,2.83811320754717,0.6352020038851998
296,"('_transition', '_distribution', '_seq_order_coupling_number')","CTD,CTD,Quasi-Sequence-Order",0.5760690143661011,3.490459233450143,12.18330566037736,1.535862793158815,2.732830188679246,0.577327648036841
297,"('_moran_autocorrelation', '_transition', '_amp_pseudo_aa_composition')","Autocorrelation,CTD,Pseudo Composition",0.5754691717086737,3.74514830801887,14.026135849056603,1.5347773576401025,2.8388679245283006,0.5794661521075577
298,"('_distribution', '_quasi_seq_order', '_amp_pseudo_aa_composition')","CTD,Quasi-Sequence-Order,Pseudo Composition",0.5754263422515256,3.8650519291588226,14.938626415094335,1.53469994428944,2.843018867924528,0.6239333804692848
299,"('_transition', '_seq_order_coupling_number', '_pseudo_aa_composition')","CTD,Quasi-Sequence-Order,Pseudo Composition",0.5749089607636051,3.0775719417430003,9.471449056603781,1.533765712538986,2.4290566037735855,0.5887006469363589
300,"('_ctd', '_conjoint_triad', '_seq_order_coupling_number')","CTD,Conjoint Triad,Quasi-Sequence-Order",0.5747363485125452,3.5909645521912843,12.89502641509435,1.5334544072797762,2.7981132075471704,0.633753298182463
301,"('_normalized_moreaubroto_autocorrelation', '_moran_autocorrelation', '_conjoint_triad')","Autocorrelation,Autocorrelation,Conjoint Triad",0.5744453118182289,3.7406325769141904,13.992332075471698,1.5329299531441183,2.6958490566037736,0.6337347009881062
302,"('_aa_composition', '_seq_order_coupling_number', '_quasi_seq_order')","Composition,Quasi-Sequence-Order,Quasi-Sequence-Order",0.5731963387109166,3.856777421043596,14.874732075471693,1.5306853718548066,2.8513207547169803,0.5867007294140336
303,"('_aa_composition', '_ctd', '_conjoint_triad')","Composition,CTD,Conjoint Triad",0.5726654321473061,3.9829485617169373,15.863879245283021,1.5297342394967361,3.098867924528303,0.5771894731492038
304,"('_dipeptide_composition', '_tripeptide_composition', '_conjoint_triad')","Composition,Composition,Conjoint Triad",0.5722165106812631,3.923869864939602,15.39675471698113,1.5289313674654965,3.0211320754716984,0.6390488592930621
305,"('_aa_composition', '_normalized_moreaubroto_autocorrelation', '_amp_pseudo_aa_composition')","Composition,Autocorrelation,Pseudo Composition",0.5716435542486105,3.774160408945655,14.244286792452831,1.5279084994799514,2.8286792452830185,0.633024569670521
306,"('_transition', '_seq_order_coupling_number', '_amp_pseudo_aa_composition')","CTD,Quasi-Sequence-Order,Pseudo Composition",0.5706773120706883,3.5278311258945205,12.4455924528302,1.526188160352746,2.9581132075471714,0.5744899743116216
307,"('_tripeptide_composition', '_composition', '_pseudo_aa_composition')","Composition,CTD,Pseudo Composition",0.5702548852678611,3.618452707995505,13.093200000000001,1.5254378769034813,2.838867924528302,0.6980489495438453
308,"('_tripeptide_composition', '_normalized_moreaubroto_autocorrelation', '_distribution')","Composition,Autocorrelation,CTD",0.5699154975389523,4.180092984431155,17.473177358490563,1.52483588233193,3.241509433962263,0.6037727865553149
309,"('_normalized_moreaubroto_autocorrelation', '_transition', '_pseudo_aa_composition')","Autocorrelation,CTD,Pseudo Composition",0.5696379886440261,3.374587605831854,11.387841509433965,1.5243441756443343,2.6071698113207566,0.5850626160715391
310,"('_geary_autocorrelation', '_distribution', '_quasi_seq_order')","Autocorrelation,CTD,Quasi-Sequence-Order",0.5693017887803392,4.272772066478092,18.256581132075468,1.523749113556618,3.3030188679245276,0.6738639597059988
311,"('_normalized_moreaubroto_autocorrelation', '_seq_order_coupling_number', '_quasi_seq_order')","Autocorrelation,Quasi-Sequence-Order,Quasi-Sequence-Order",0.5682394479845598,3.630678506160293,13.181826415094335,1.5218733773557658,2.771320754716981,0.6036150220289385
312,"('_normalized_moreaubroto_autocorrelation', '_moran_autocorrelation', '_distribution')","Autocorrelation,Autocorrelation,CTD",0.567637607163721,3.3800022328897392,11.424415094339624,1.5208137980562073,2.677358490566038,0.5928978773122249
313,"('_moran_autocorrelation', '_seq_order_coupling_number', '_amp_pseudo_aa_composition')","Autocorrelation,Quasi-Sequence-Order,Pseudo Composition",0.5671910224896988,3.8509445055603777,14.829773584905663,1.5200289859828633,2.9045283018867925,0.6029912843559142
314,"('_aa_composition', '_tripeptide_composition', '_seq_order_coupling_number')","Composition,Composition,Quasi-Sequence-Order",0.5656057188142705,3.8530311517821625,14.845849056603777,1.5172528098276992,3.1158490566037744,0.6236692294359019
315,"('_tripeptide_composition', '_quasi_seq_order', '_amp_pseudo_aa_composition')","Composition,Quasi-Sequence-Order,Pseudo Composition",0.5630796424556423,3.5990480921781707,12.953147169811329,1.5128604163522328,2.7969811320754725,0.5673963428531357
316,"('_normalized_moreaubroto_autocorrelation', '_moran_autocorrelation', '_amp_pseudo_aa_composition')","Autocorrelation,Autocorrelation,Pseudo Composition",0.5628974410552641,4.181232101521328,17.48270188679246,1.512545073863713,3.282264150943397,0.6875035629411397
317,"('_geary_autocorrelation', '_ctd', '_transition')","Autocorrelation,CTD,CTD",0.5619627323823949,4.109361608594295,16.88685283018869,1.5109304349794346,3.2188679245283027,0.582292228313054
318,"('_composition', '_distribution', '_seq_order_coupling_number')","CTD,CTD,Quasi-Sequence-Order",0.5614316242638593,4.05806534442493,16.46789433962263,1.5100152863275607,3.0460377358490556,0.576299121731523
319,"('_moran_autocorrelation', '_transition', '_conjoint_triad')","Autocorrelation,CTD,Conjoint Triad",0.5602685113575367,3.8497684321439483,14.820716981132074,1.5080169291019407,3.011698113207546,0.5711522142480063
320,"('_dipeptide_composition', '_tripeptide_composition', '_distribution')","Composition,Composition,CTD",0.559760514707631,3.6488850713815224,13.314362264150937,1.5071466202196275,2.7566037735849056,0.5900179980050351
321,"('_dipeptide_composition', '_moran_autocorrelation', '_transition')","Composition,Autocorrelation,CTD",0.5592738040721335,3.70660298121843,13.73890566037735,1.506314190779099,2.9362264150943393,0.5686018233124998
322,"('_tripeptide_composition', '_moran_autocorrelation', '_ctd')","Composition,Autocorrelation,CTD",0.559004014282068,4.058554441047132,16.471864150943397,1.5058533585086276,3.0837735849056602,0.6693520705891459
323,"('_moran_autocorrelation', '_seq_order_coupling_number', '_quasi_seq_order')","Autocorrelation,Quasi-Sequence-Order,Quasi-Sequence-Order",0.5574408910998389,3.6849894395793465,13.579147169811307,1.5031916616114802,2.870566037735849,0.6354172366335378
324,"('_normalized_moreaubroto_autocorrelation', '_geary_autocorrelation', '_conjoint_triad')","Autocorrelation,Autocorrelation,Conjoint Triad",0.5569989273712402,3.6606340310708427,13.400241509433968,1.5024416386256918,2.8166037735849065,0.5953438920300411
325,"('_moran_autocorrelation', '_geary_autocorrelation', '_pseudo_aa_composition')","Autocorrelation,Autocorrelation,Pseudo Composition",0.5561953648853759,3.9464280482003784,15.574294339622648,1.5010808453493756,3.0384905660377366,0.5583815343675202
326,"('_ctd', '_distribution', '_quasi_seq_order')","CTD,CTD,Quasi-Sequence-Order",0.5561383061000931,3.844436313172289,14.779690566037742,1.5009843596607135,2.8539622641509443,0.5606313256422958
327,"('_geary_autocorrelation', '_quasi_seq_order', '_pseudo_aa_composition')","Autocorrelation,Quasi-Sequence-Order,Pseudo Composition",0.5560368601953121,4.353452761130667,18.952550943396226,1.5008128618468777,3.4773584905660377,0.6678247074254102
328,"('_dipeptide_composition', '_geary_autocorrelation', '_transition')","Composition,Autocorrelation,CTD",0.5557847806926137,3.9784912281957068,15.828392452830183,1.5003869671108399,2.8973584905660377,0.5598776313799181
329,"('_composition', '_transition', '_pseudo_aa_composition')","CTD,CTD,Pseudo Composition",0.5538489527256379,3.887001075185158,15.108777358490574,1.4971283750537918,2.907547169811321,0.6001696781468109
330,"('_normalized_moreaubroto_autocorrelation', '_transition', '_distribution')","Autocorrelation,CTD,CTD",0.5535519420225067,3.6716692003748284,13.481154716981132,1.496630291207498,2.8109433962264156,0.5763554969543238
331,"('_dipeptide_composition', '_normalized_moreaubroto_autocorrelation', '_quasi_seq_order')","Composition,Autocorrelation,Quasi-Sequence-Order",0.5534108488204526,3.8245246344147517,14.626988679245288,1.4963938534875991,2.8716981132075468,0.6332775651380734
332,"('_geary_autocorrelation', '_ctd', '_distribution')","Autocorrelation,CTD,CTD",0.5534009078392803,3.142921366655731,9.877954716981128,1.4963771990584187,2.510566037735849,0.5857336672142288
333,"('_normalized_moreaubroto_autocorrelation', '_distribution', '_amp_pseudo_aa_composition')","Autocorrelation,CTD,Pseudo Composition",0.5533815906491281,3.659813378065083,13.394233962264153,1.4963448379702342,2.871698113207548,0.6302668238630131
334,"('_aa_composition', '_geary_autocorrelation', '_seq_order_coupling_number')","Composition,Autocorrelation,Quasi-Sequence-Order",0.5512697985392963,4.027880195329116,16.22381886792452,1.492819673172578,3.021886792452829,0.5623331954171389
335,"('_normalized_moreaubroto_autocorrelation', '_composition', '_distribution')","Autocorrelation,CTD,CTD",0.5511233684843165,3.8143542196822184,14.549298113207547,1.4925761636184136,3.1290566037735856,0.5534262433435655
336,"('_moran_autocorrelation', '_ctd', '_composition')","Autocorrelation,CTD,CTD",0.55006864389499,4.088480826871775,16.715675471698116,1.4908256960948223,2.9935849056603767,0.5930579937231983
337,"('_tripeptide_composition', '_conjoint_triad', '_pseudo_aa_composition')","Composition,Conjoint Triad,Pseudo Composition",0.5497307729948826,3.322555279435641,11.03937358490565,1.4902662517475898,2.5701886792452835,0.6475083165115463
338,"('_aa_composition', '_geary_autocorrelation', '_conjoint_triad')","Composition,Autocorrelation,Conjoint Triad",0.549179425440175,3.915745669849281,15.333064150943395,1.4893546850711181,3.0698113207547166,0.6521400679811988
339,"('_moran_autocorrelation', '_conjoint_triad', '_amp_pseudo_aa_composition')","Autocorrelation,Conjoint Triad,Pseudo Composition",0.5488794453161443,3.892078069375435,15.148271698113211,1.4888594171254026,2.8784905660377365,0.5807169416055298
340,"('_geary_autocorrelation', '_composition', '_amp_pseudo_aa_composition')","Autocorrelation,CTD,Pseudo Composition",0.546663559160329,3.6090441947972876,13.025200000000002,1.4852162240485558,2.8871698113207556,0.6186453056581894
341,"('_dipeptide_composition', '_geary_autocorrelation', '_ctd')","Composition,Autocorrelation,CTD",0.5461559515056083,3.8609247108227214,14.906739622641513,1.4843854121771973,2.838867924528301,0.6259084547831939
342,"('_ctd', '_pseudo_aa_composition', '_amp_pseudo_aa_composition')","CTD,Pseudo Composition,Pseudo Composition",0.5460449566542023,3.890870785787945,15.138875471698102,1.4842039303178582,3.2441509433962255,0.5672221262659208
343,"('_conjoint_triad', '_seq_order_coupling_number', '_pseudo_aa_composition')","Conjoint Triad,Quasi-Sequence-Order,Pseudo Composition",0.5444264673419479,3.815990190248852,14.56178113207547,1.4815651625506954,3.1683018867924533,0.6037137980139848
344,"('_composition', '_transition', '_conjoint_triad')","CTD,CTD,Conjoint Triad",0.5443631857454919,4.044022843001381,16.354120754716973,1.4814622746130046,3.08188679245283,0.5600900587087566
345,"('_normalized_moreaubroto_autocorrelation', '_moran_autocorrelation', '_geary_autocorrelation')","Autocorrelation,Autocorrelation,Autocorrelation",0.5441734824293386,3.3193691148702813,11.018211320754714,1.4811539692141986,2.66377358490566,0.5444114889502025
346,"('_dipeptide_composition', '_normalized_moreaubroto_autocorrelation', '_amp_pseudo_aa_composition')","Composition,Autocorrelation,Pseudo Composition",0.5440502315519481,3.8900443805975886,15.132445283018876,1.4809537652911153,2.8532075471698124,0.5488076667539799
347,"('_tripeptide_composition', '_distribution', '_pseudo_aa_composition')","Composition,CTD,Pseudo Composition",0.5433051153897845,3.5809485409357933,12.823192452830186,1.4797451541540152,2.9045283018867925,0.6056800022314696
348,"('_dipeptide_composition', '_transition', '_distribution')","Composition,CTD,CTD",0.5430009082041101,3.4070426505462943,11.607939622641519,1.4792525666918757,2.686037735849057,0.6465631089732806
349,"('_tripeptide_composition', '_composition', '_amp_pseudo_aa_composition')","Composition,CTD,Pseudo Composition",0.5425408391990854,3.8892895990020673,15.12657358490566,1.4785085336598678,3.1558490566037736,0.6531068970046446
350,"('_tripeptide_composition', '_geary_autocorrelation', '_conjoint_triad')","Composition,Autocorrelation,Conjoint Triad",0.5413601657157934,3.3997680276026836,11.558422641509441,1.4766042499681922,2.7837735849056613,0.594510867753395
351,"('_tripeptide_composition', '_ctd', '_distribution')","Composition,CTD,CTD",0.540657059650588,3.436856835199915,11.811984905660376,1.4754737144704013,2.7116981132075466,0.5943552476890168
352,"('_ctd', '_conjoint_triad', '_pseudo_aa_composition')","CTD,Conjoint Triad,Pseudo Composition",0.5401842353880955,3.6931818873202262,13.63959245283019,1.4747149114225693,2.716981132075473,0.6190808200870241
353,"('_moran_autocorrelation', '_geary_autocorrelation', '_conjoint_triad')","Autocorrelation,Autocorrelation,Conjoint Triad",0.5401402391932355,3.737523143110022,13.96907924528302,1.4746443644840552,2.9007547169811323,0.5795915409271228
354,"('_aa_composition', '_normalized_moreaubroto_autocorrelation', '_composition')","Composition,Autocorrelation,CTD",0.5400383158779223,4.0459231752002704,16.36949433962264,1.4744809715592093,3.2150943396226412,0.5799931018615774
355,"('_aa_composition', '_composition', '_conjoint_triad')","Composition,CTD,Conjoint Triad",0.5396802930316252,3.9805347132984013,15.844656603773585,1.4739074565087222,3.135471698113208,0.5998910481014608
356,"('_dipeptide_composition', '_normalized_moreaubroto_autocorrelation', '_ctd')","Composition,Autocorrelation,CTD",0.5389404343798179,3.8979956145845978,15.194369811320756,1.4727243978664037,2.9433962264150932,0.5542775747875803
357,"('_moran_autocorrelation', '_geary_autocorrelation', '_quasi_seq_order')","Autocorrelation,Autocorrelation,Quasi-Sequence-Order",0.5383818181305049,4.179562132884439,17.46873962264152,1.471833036941463,2.9652830188679253,0.5934074899834709
358,"('_aa_composition', '_conjoint_triad', '_seq_order_coupling_number')","Composition,Conjoint Triad,Quasi-Sequence-Order",0.5374459946618094,4.37451797883719,19.13640754716981,1.4703434019446142,3.1977358490566035,0.6080788382164064
359,"('_transition', '_seq_order_coupling_number', '_quasi_seq_order')","CTD,Quasi-Sequence-Order,Quasi-Sequence-Order",0.537260479501335,3.9318419515636016,15.459381132075471,1.470048637477285,3.267924528301888,0.5774853970667967
360,"('_dipeptide_composition', '_ctd', '_composition')","Composition,CTD,CTD",0.5363177115851275,3.8395793794790523,14.742369811320744,1.468553411209612,2.8784905660377347,0.612047661574871
361,"('_ctd', '_transition', '_seq_order_coupling_number')","CTD,CTD,Quasi-Sequence-Order",0.5357329708349352,3.778099751971758,14.274037735849058,1.4676283039668214,2.8430188679245285,0.5406085248878
362,"('_aa_composition', '_distribution', '_amp_pseudo_aa_composition')","Composition,CTD,Pseudo Composition",0.5343264316805345,3.810203778039788,14.517652830188675,1.4654101860310553,3.1143396226415083,0.5505908012423112
363,"('_normalized_moreaubroto_autocorrelation', '_ctd', '_transition')","Autocorrelation,CTD,CTD",0.5317417313854627,3.987868395474284,15.903094339622642,1.4613601909226563,3.0467924528301884,0.553922048136319
364,"('_normalized_moreaubroto_autocorrelation', '_conjoint_triad', '_pseudo_aa_composition')","Autocorrelation,Conjoint Triad,Pseudo Composition",0.5315750200678793,4.010421330145128,16.08347924528302,1.4611001205019902,2.775471698113207,0.6148506993326743
365,"('_geary_autocorrelation', '_composition', '_pseudo_aa_composition')","Autocorrelation,CTD,Pseudo Composition",0.5312341276342163,3.484604414352984,12.142467924528301,1.4605687586960736,2.7067924528301894,0.6060466993065582
366,"('_tripeptide_composition', '_normalized_moreaubroto_autocorrelation', '_ctd')","Composition,Autocorrelation,CTD",0.5293121246791852,3.9523329628279815,15.620935849056611,1.4575836710980654,3.1879245283018873,0.6023574893819783
367,"('_moran_autocorrelation', '_ctd', '_pseudo_aa_composition')","Autocorrelation,CTD,Pseudo Composition",0.5288618281633066,3.5144746514197096,12.35153207547169,1.4568869521836474,2.723018867924528,0.5652419591161433
368,"('_normalized_moreaubroto_autocorrelation', '_geary_autocorrelation', '_transition')","Autocorrelation,Autocorrelation,CTD",0.5286788609357934,3.8569290746385847,14.87590188679245,1.4566041424183762,2.8041509433962255,0.5545149791265407
369,"('_moran_autocorrelation', '_composition', '_pseudo_aa_composition')","Autocorrelation,CTD,Pseudo Composition",0.5281134730749744,3.694120775216586,13.64652830188679,1.455731270358328,2.796603773584906,0.5565943797723409
370,"('_normalized_moreaubroto_autocorrelation', '_composition', '_transition')","Autocorrelation,CTD,CTD",0.5280545114020653,3.845436403332588,14.78738113207547,1.4556403329152592,3.1516981132075466,0.5547143246042556
371,"('_composition', '_conjoint_triad', '_pseudo_aa_composition')","CTD,Conjoint Triad,Pseudo Composition",0.5278960611387539,4.248624194626988,18.050807547169818,1.4553960371881582,3.498867924528303,0.6218257009206566
372,"('_composition', '_seq_order_coupling_number', '_quasi_seq_order')","CTD,Quasi-Sequence-Order,Quasi-Sequence-Order",0.5277917778637928,3.541570912505055,12.542724528301889,1.455235322234022,2.7128301886792463,0.5456474272853891
373,"('_ctd', '_transition', '_quasi_seq_order')","CTD,CTD,Quasi-Sequence-Order",0.527752737857991,4.124568816801133,17.012067924528303,1.4551751698793385,3.0932075471698104,0.5603354309627335
374,"('_tripeptide_composition', '_transition', '_pseudo_aa_composition')","Composition,CTD,Pseudo Composition",0.5261876902636542,3.79497781334405,14.401856603773588,1.4527698903018942,2.9607547169811324,0.5411984326350714
375,"('_dipeptide_composition', '_tripeptide_composition', '_amp_pseudo_aa_composition')","Composition,Composition,Pseudo Composition",0.526144405555933,3.942820559227131,15.545833962264147,1.452703536588961,3.1490566037735843,0.5632293702860762
376,"('_ctd', '_composition', '_seq_order_coupling_number')","CTD,CTD,Quasi-Sequence-Order",0.5241093605824445,3.7359911922646782,13.957630188679252,1.449594120185513,2.864150943396226,0.5673409661335456
377,"('_aa_composition', '_tripeptide_composition', '_composition')","Composition,Composition,CTD",0.5219952410267311,3.9533391665828184,15.628890566037732,1.4463849352566711,3.045283018867923,0.5305803643465059
378,"('_geary_autocorrelation', '_pseudo_aa_composition', '_amp_pseudo_aa_composition')","Autocorrelation,Pseudo Composition,Pseudo Composition",0.5214211025828546,4.156507968302964,17.27655849056604,1.4455170800192687,3.2626415094339625,0.5670208457095611
379,"('_dipeptide_composition', '_moran_autocorrelation', '_amp_pseudo_aa_composition')","Composition,Autocorrelation,Pseudo Composition",0.5193955820530063,3.6475093595907184,13.304324528301892,1.4424677780518342,2.8230188679245294,0.5398279065999141
380,"('_geary_autocorrelation', '_composition', '_seq_order_coupling_number')","Autocorrelation,CTD,Quasi-Sequence-Order",0.5181245940052535,3.7538699528142296,14.091539622641507,1.4405642052711862,2.943773584905661,0.5769268766331095
381,"('_composition', '_transition', '_distribution')","CTD,CTD,CTD",0.5168241772926008,4.242127447757655,17.995645283018874,1.4386243359222177,3.344528301886793,0.5176580116463592
382,"('_transition', '_quasi_seq_order', '_amp_pseudo_aa_composition')","CTD,Quasi-Sequence-Order,Pseudo Composition",0.5163358306004807,4.122831047842805,16.997735849056603,1.4378978764210226,3.423396226415095,0.6317057883125953
383,"('_aa_composition', '_normalized_moreaubroto_autocorrelation', '_quasi_seq_order')","Composition,Autocorrelation,Quasi-Sequence-Order",0.5158308670994096,4.2641391884960695,18.18288301886792,1.437147854049841,3.448301886792453,0.6116899222572288
384,"('_ctd', '_seq_order_coupling_number', '_amp_pseudo_aa_composition')","CTD,Quasi-Sequence-Order,Pseudo Composition",0.515780486054419,3.506810624301943,12.29772075471698,1.437073087449088,2.9079245283018857,0.6208073545111199
385,"('_dipeptide_composition', '_distribution', '_conjoint_triad')","Composition,CTD,Conjoint Triad",0.5157636175582311,3.53558086818442,12.500332075471697,1.437048056829857,2.670943396226415,0.5482829396108285
386,"('_aa_composition', '_moran_autocorrelation', '_composition')","Composition,Autocorrelation,CTD",0.5157035478120867,3.4631559388228217,11.99344905660378,1.4369589318852898,2.7109433962264156,0.6052378816629289
387,"('_aa_composition', '_geary_autocorrelation', '_distribution')","Composition,Autocorrelation,CTD",0.5127015723091713,3.968603195175189,15.749811320754716,1.4325259403013233,3.252830188679245,0.5638129037118691
388,"('_composition', '_distribution', '_pseudo_aa_composition')","CTD,CTD,Pseudo Composition",0.5118673879092703,4.137096785346066,17.115569811320757,1.431301373720635,3.092452830188679,0.5259326380418179
389,"('_aa_composition', '_composition', '_distribution')","Composition,CTD,CTD",0.5094333828774573,3.668554802592247,13.458294339622643,1.4277461717420614,2.939622641509434,0.5304874088111717
390,"('_aa_composition', '_tripeptide_composition', '_normalized_moreaubroto_autocorrelation')","Composition,Composition,Autocorrelation",0.5086186641015964,4.22508501644954,17.851343396226415,1.4265620667663026,3.479622641509433,0.5861344694274885
391,"('_seq_order_coupling_number', '_pseudo_aa_composition', '_amp_pseudo_aa_composition')","Quasi-Sequence-Order,Pseudo Composition,Pseudo Composition",0.5084198192004885,3.813224258456748,14.540679245283016,1.4262735143636023,2.8339622641509425,0.5910916235079804
392,"('_transition', '_distribution', '_conjoint_triad')","CTD,CTD,Conjoint Triad",0.5062805892754936,4.057061860927957,16.459750943396223,1.4231802197282275,3.0071698113207534,0.5076057714485858
393,"('_composition', '_distribution', '_conjoint_triad')","CTD,CTD,Conjoint Triad",0.505930893716285,3.6296078066629573,13.174052830188685,1.4226764765368087,2.878490566037736,0.6306205424065169
394,"('_dipeptide_composition', '_conjoint_triad', '_pseudo_aa_composition')","Composition,Conjoint Triad,Pseudo Composition",0.5050723496481757,3.6074629144656893,13.013788679245286,1.421441992457765,2.687169811320755,0.6030296899192483
395,"('_normalized_moreaubroto_autocorrelation', '_transition', '_quasi_seq_order')","Autocorrelation,CTD,Quasi-Sequence-Order",0.5008291932104659,4.156215622641202,17.274128301886797,1.4153876792137194,3.1524528301886794,0.5569798798978594
396,"('_tripeptide_composition', '_geary_autocorrelation', '_pseudo_aa_composition')","Composition,Autocorrelation,Pseudo Composition",0.5005496818820108,3.608185662294127,13.019003773584906,1.4149915714907007,2.852830188679246,0.528699429646526
397,"('_geary_autocorrelation', '_ctd', '_quasi_seq_order')","Autocorrelation,CTD,Quasi-Sequence-Order",0.4999365401441467,4.090581911826053,16.732860377358485,1.4141238251262596,3.1901886792452827,0.5300023661265999
398,"('_conjoint_triad', '_quasi_seq_order', '_pseudo_aa_composition')","Conjoint Triad,Quasi-Sequence-Order,Pseudo Composition",0.499002908011944,3.3673526917956482,11.339064150943399,1.4128055668626105,2.598490566037738,0.566443844917774
399,"('_dipeptide_composition', '_transition', '_conjoint_triad')","Composition,CTD,Conjoint Triad",0.49889238482782283,3.8014942444473108,14.451358490566031,1.4126497556397148,2.772452830188679,0.568070740423078
400,"('_aa_composition', '_ctd', '_amp_pseudo_aa_composition')","Composition,CTD,Pseudo Composition",0.4982888117720927,4.228001892147164,17.875999999999998,1.4117997706873135,3.364528301886793,0.5433552334199667
401,"('_dipeptide_composition', '_distribution', '_seq_order_coupling_number')","Composition,CTD,Quasi-Sequence-Order",0.49609711881897745,3.798882655987451,14.431509433962269,1.4087261590835785,3.0418867924528312,0.5702952133458199
402,"('_conjoint_triad', '_pseudo_aa_composition', '_amp_pseudo_aa_composition')","Conjoint Triad,Pseudo Composition,Pseudo Composition",0.4920999746191952,4.0706654224011185,16.570316981132073,1.4031719123785336,3.1958490566037723,0.5758726097468838
403,"('_aa_composition', '_moran_autocorrelation', '_distribution')","Composition,Autocorrelation,CTD",0.49202160776414594,3.828245570877525,14.655464150943388,1.403063673117872,2.9188679245283007,0.499117259311432
404,"('_tripeptide_composition', '_distribution', '_conjoint_triad')","Composition,CTD,Conjoint Triad",0.4903027961942338,3.5388282891908394,12.523305660377364,1.4006959549847429,2.878490566037737,0.6276445730046547
405,"('_moran_autocorrelation', '_conjoint_triad', '_quasi_seq_order')","Autocorrelation,Conjoint Triad,Quasi-Sequence-Order",0.4897403115614054,3.7311235598500265,13.921283018867936,1.3999237136979867,2.9652830188679253,0.5959033482686347
406,"('_moran_autocorrelation', '_quasi_seq_order', '_pseudo_aa_composition')","Autocorrelation,Quasi-Sequence-Order,Pseudo Composition",0.4885502264984922,4.230147863065334,17.894150943396216,1.3982940340297747,3.1143396226415097,0.5663112125911185
407,"('_transition', '_conjoint_triad', '_pseudo_aa_composition')","CTD,Conjoint Triad,Pseudo Composition",0.4872294520846031,3.720442254092615,13.841690566037741,1.3964920372364038,2.73056603773585,0.5500179912045928
408,"('_moran_autocorrelation', '_transition', '_seq_order_coupling_number')","Autocorrelation,CTD,Quasi-Sequence-Order",0.48721806192977846,4.32888847993317,18.73927547169811,1.3964765273796158,3.4430188679245286,0.6137304535744876
409,"('_seq_order_coupling_number', '_quasi_seq_order', '_amp_pseudo_aa_composition')","Quasi-Sequence-Order,Quasi-Sequence-Order,Pseudo Composition",0.48370881210161887,3.949450403608841,15.598158490566037,1.3917224845898366,2.8301886792452837,0.5209258903575948
410,"('_tripeptide_composition', '_geary_autocorrelation', '_distribution')","Composition,Autocorrelation,CTD",0.48294882804606964,3.9306334407170334,15.449879245283023,1.390699301682852,2.985283018867925,0.5903366794130316
411,"('_tripeptide_composition', '_moran_autocorrelation', '_composition')","Composition,Autocorrelation,CTD",0.47994883625202034,4.3751588650401745,19.142015094339627,1.386682273142626,3.3724528301886796,0.5389429589010992
412,"('_geary_autocorrelation', '_ctd', '_amp_pseudo_aa_composition')","Autocorrelation,CTD,Pseudo Composition",0.47650246722393197,4.300494047967486,18.49424905660377,1.3821102264491152,3.4045283018867925,0.49380723165463225
413,"('_ctd', '_distribution', '_amp_pseudo_aa_composition')","CTD,CTD,Pseudo Composition",0.4730270115041294,3.8812865013627094,15.064384905660381,1.377545088303769,3.043396226415094,0.49733430668496803
414,"('_normalized_moreaubroto_autocorrelation', '_composition', '_amp_pseudo_aa_composition')","Autocorrelation,CTD,Pseudo Composition",0.47191083656007626,4.2543305351003005,18.099328301886807,1.376088521174363,3.294716981132077,0.645674423107325
415,"('_ctd', '_composition', '_pseudo_aa_composition')","CTD,CTD,Pseudo Composition",0.47173175938106937,4.128656412634127,17.045803773584904,1.3758552618953044,2.9241509433962247,0.5278190340308555
416,"('_aa_composition', '_geary_autocorrelation', '_transition')","Composition,Autocorrelation,CTD",0.4717278301319532,4.155078729131739,17.264679245283027,1.3758501451312264,3.0732075471698113,0.5633658235194668
417,"('_dipeptide_composition', '_tripeptide_composition', '_seq_order_coupling_number')","Composition,Composition,Quasi-Sequence-Order",0.47048762009927514,3.9491962401729577,15.596150943396227,1.3742379604797257,2.9652830188679236,0.5571575904579061
418,"('_dipeptide_composition', '_tripeptide_composition', '_quasi_seq_order')","Composition,Composition,Quasi-Sequence-Order",0.4699712019701091,4.1250427098989615,17.015977358490566,1.3735683229545244,3.2615094339622637,0.5674951524610063
419,"('_normalized_moreaubroto_autocorrelation', '_distribution', '_seq_order_coupling_number')","Autocorrelation,CTD,Quasi-Sequence-Order",0.46716573841222087,4.245342842345787,18.0229358490566,1.369947514498019,3.321132075471698,0.5257694815029367
420,"('_distribution', '_quasi_seq_order', '_pseudo_aa_composition')","CTD,Quasi-Sequence-Order,Pseudo Composition",0.4665314668775459,4.50904750850579,20.331509433962275,1.3691328674391607,3.500754716981132,0.5623846051958789
421,"('_dipeptide_composition', '_tripeptide_composition', '_transition')","Composition,Composition,CTD",0.46273199028037904,4.502258552712371,20.270332075471696,1.364283129717063,3.3279245283018857,0.5673569062074684
422,"('_tripeptide_composition', '_transition', '_amp_pseudo_aa_composition')","Composition,CTD,Pseudo Composition",0.4626213941066162,4.238472490957534,17.964649056603765,1.3641427331172693,3.3381132075471687,0.5633973716073538
423,"('_normalized_moreaubroto_autocorrelation', '_ctd', '_pseudo_aa_composition')","Autocorrelation,CTD,Pseudo Composition",0.46132733519623637,3.67276770862376,13.489222641509425,1.3625032007650355,2.8128301886792437,0.4724729065944253
424,"('_distribution', '_seq_order_coupling_number', '_quasi_seq_order')","CTD,Quasi-Sequence-Order,Quasi-Sequence-Order",0.4612926029225002,4.1751935894559375,17.432241509433958,1.3624592774801667,3.306415094339622,0.5700778987149486
425,"('_dipeptide_composition', '_geary_autocorrelation', '_seq_order_coupling_number')","Composition,Autocorrelation,Quasi-Sequence-Order",0.4584901273797425,3.829275511555186,14.663350943396233,1.3589291370532244,3.077735849056604,0.6086708885555436
426,"('_geary_autocorrelation', '_quasi_seq_order', '_amp_pseudo_aa_composition')","Autocorrelation,Quasi-Sequence-Order,Pseudo Composition",0.4563922572476906,3.8876815616159073,15.114067924528298,1.3563044387430188,2.7675471698113197,0.5635453811657354
427,"('_dipeptide_composition', '_conjoint_triad', '_seq_order_coupling_number')","Composition,Conjoint Triad,Quasi-Sequence-Order",0.45393186696059373,3.83411400308849,14.700430188679244,1.353245474635347,2.80566037735849,0.6072077408400193
428,"('_dipeptide_composition', '_composition', '_distribution')","Composition,CTD,CTD",0.4533800221007591,4.376358441392473,19.15251320754716,1.352562211889201,3.4294339622641496,0.533787703475932
429,"('_normalized_moreaubroto_autocorrelation', '_quasi_seq_order', '_pseudo_aa_composition')","Autocorrelation,Quasi-Sequence-Order,Pseudo Composition",0.45301147922499574,3.9341811259873984,15.477781132075473,1.3521064791443982,3.07622641509434,0.4898611275713517
430,"('_dipeptide_composition', '_composition', '_pseudo_aa_composition')","Composition,CTD,Pseudo Composition",0.4483367833686078,4.273775230049088,18.265154716981137,1.3463655365797602,3.219245283018868,0.6431947226287763
431,"('_moran_autocorrelation', '_distribution', '_amp_pseudo_aa_composition')","Autocorrelation,CTD,Pseudo Composition",0.4482073670531532,3.9258898762897974,15.412611320754719,1.3462076404115582,3.0449056603773585,0.46702056622501853
432,"('_normalized_moreaubroto_autocorrelation', '_moran_autocorrelation', '_seq_order_coupling_number')","Autocorrelation,Autocorrelation,Quasi-Sequence-Order",0.4477685032843096,3.9563848564156987,15.65298113207547,1.3456726119064124,3.3373584905660385,0.45700594566760055
433,"('_normalized_moreaubroto_autocorrelation', '_transition', '_amp_pseudo_aa_composition')","Autocorrelation,CTD,Pseudo Composition",0.44676971788040043,4.166792350305693,17.362158490566042,1.344457344614967,3.187169811320755,0.465689753744292
434,"('_aa_composition', '_tripeptide_composition', '_quasi_seq_order')","Composition,Composition,Quasi-Sequence-Order",0.4452434936136964,3.884527605382813,15.089554716981132,1.342606661790638,2.9056603773584913,0.5239752322143504
435,"('_aa_composition', '_quasi_seq_order', '_pseudo_aa_composition')","Composition,Quasi-Sequence-Order,Pseudo Composition",0.443197817610239,3.50612940380506,12.292943396226425,1.340138042199654,2.6532075471698127,0.5058630859375628
436,"('_aa_composition', '_normalized_moreaubroto_autocorrelation', '_pseudo_aa_composition')","Composition,Autocorrelation,Pseudo Composition",0.4421225073799435,3.570415123055498,12.747864150943405,1.338845859552412,2.778867924528301,0.4422344045910508
437,"('_distribution', '_pseudo_aa_composition', '_amp_pseudo_aa_composition')","CTD,Pseudo Composition,Pseudo Composition",0.44205596240026246,3.9255832399256168,15.410203773584904,1.3387660163054387,3.1328301886792453,0.5388096234870499
438,"('_geary_autocorrelation', '_seq_order_coupling_number', '_quasi_seq_order')","Autocorrelation,Quasi-Sequence-Order,Quasi-Sequence-Order",0.4413643673866967,4.00696751661968,16.055788679245286,1.3379370585846766,3.2535849056603774,0.4866118229715283
439,"('_normalized_moreaubroto_autocorrelation', '_ctd', '_distribution')","Autocorrelation,CTD,CTD",0.4393463710546128,3.8524767823428303,14.841577358490566,1.3355270269297561,3.066792452830189,0.4507971073547713
440,"('_aa_composition', '_ctd', '_transition')","Composition,CTD,CTD",0.4362809954993654,3.599329077942271,12.955169811320758,1.3318909312284606,2.8445283018867924,0.46303685489070323
441,"('_dipeptide_composition', '_distribution', '_amp_pseudo_aa_composition')","Composition,CTD,Pseudo Composition",0.4359094944674311,4.284020330096397,18.352830188679246,1.3314522779059685,3.38188679245283,0.5772141447665726
442,"('_ctd', '_distribution', '_conjoint_triad')","CTD,CTD,Conjoint Triad",0.4336954026760612,3.926762553420233,15.419464150943387,1.3288469267919358,2.9686792452830177,0.5246803268550339
443,"('_normalized_moreaubroto_autocorrelation', '_geary_autocorrelation', '_ctd')","Autocorrelation,Autocorrelation,CTD",0.429305468960377,3.587661244814952,12.871313207547173,1.3237261386399404,2.8607547169811323,0.4308776052608898
444,"('_transition', '_conjoint_triad', '_amp_pseudo_aa_composition')","CTD,Conjoint Triad,Pseudo Composition",0.42861340234380707,4.026656462147092,16.21396226415094,1.3229242435304969,3.13056603773585,0.46931665479859164
445,"('_aa_composition', '_normalized_moreaubroto_autocorrelation', '_transition')","Composition,Autocorrelation,CTD",0.41655176210174105,4.670036968056984,21.80924528301887,1.3091784072718675,3.5958490566037744,0.432702138224906
446,"('_tripeptide_composition', '_pseudo_aa_composition', '_amp_pseudo_aa_composition')","Composition,Pseudo Composition,Pseudo Composition",0.4096584584227265,3.5528516317151677,12.622754716981131,1.3015124519244985,2.8018867924528297,0.5091431941258407
447,"('_dipeptide_composition', '_distribution', '_pseudo_aa_composition')","Composition,CTD,Pseudo Composition",0.40887028489786204,4.215007330059206,17.76628679245283,1.3006444869091311,3.3860377358490568,0.6072682322099633
448,"('_normalized_moreaubroto_autocorrelation', '_distribution', '_quasi_seq_order')","Autocorrelation,CTD,Quasi-Sequence-Order",0.4086258271619233,3.9082370681845893,15.274316981132074,1.3003756338833028,3.02377358490566,0.456832977038633
449,"('_normalized_moreaubroto_autocorrelation', '_conjoint_triad', '_amp_pseudo_aa_composition')","Autocorrelation,Conjoint Triad,Pseudo Composition",0.3965456123646993,4.252309472399276,18.082135849056606,1.2872940898004492,3.203396226415095,0.5452050934098325
450,"('_tripeptide_composition', '_quasi_seq_order', '_pseudo_aa_composition')","Composition,Quasi-Sequence-Order,Pseudo Composition",0.39398281908599353,3.829110936762964,14.662090566037744,1.2845692793435546,2.986792452830189,0.5181452429067884
451,"('_aa_composition', '_composition', '_amp_pseudo_aa_composition')","Composition,CTD,Pseudo Composition",0.3738322798418434,4.329503871529035,18.744603773584902,1.2637310675787448,3.4407547169811328,0.4095972250234995
452,"('_aa_composition', '_ctd', '_composition')","Composition,CTD,CTD",0.32208663827825523,4.010242546657105,16.082045283018868,1.2145430216055761,3.145283018867924,0.4001834762158015
453,"('_normalized_moreaubroto_autocorrelation', '_pseudo_aa_composition', '_amp_pseudo_aa_composition')","Autocorrelation,Pseudo Composition,Pseudo Composition",0.30910651666836975,4.58700461311679,21.040611320754707,1.2030798467767978,3.7052830188679238,0.45101440560653683
454,"('_dipeptide_composition', '_normalized_moreaubroto_autocorrelation', '_composition')","Composition,Autocorrelation,CTD",0.25229448703140767,4.6558350486244695,21.676800000000014,1.156470898424914,3.7811320754716986,0.3177323929791228
